6F 06 79 06 5B 06 6A 06 62 06 6A 06 72 06 60 06 62 06 48 06 35 06 60 06 44 06 34 06 29 06 34 06
3B 06 31 06 39 06 3B 06 4C 06 82 06 43 06 33 06 3D 06 26 06 2C 06 1C 06 66 06 4E 06 27 06 24 06
2F 06 3D 06 35 06 81 06 35 06 38 06 40 06 39 06 44 06 6D 06 5B 06 5F 06 5B 06 6B 06 6E 06 33 06
6A 06 74 06 66 06 76 06 34 06 79 06 68 06 7F 06 75 06 36 06 31 06 71 06 7E 06 77 06 6E 06 17 06
7B 06 72 06 76 06 5B 06 6C 06 71 06 57 06 62 06 4C 06 44 06 30 06 6A 06 4C 06 44 06 34 06 34 06
19 06 3B 06 63 06 2C 06 13 06 2A 06 37 06 66 06 26 06 1E 06 27 06 24 06 27 06 2E 06 37 06 34 06
27 06 2F 06 3C 06 30 06 3F 06 31 06 3B 06 3B 06 39 06 27 06 5B 06 62 06 62 06 28 06 17 06 64 06
52 06 65 06 51 06 23 06 1D 06 76 06 63 06 61 06 51 06 6B 06 0F 06 5E 06 4F 06 5A 06 5B 06 57 06
45 06 72 06 5A 06 4B 06 4E 06 5C 06 59 06 71 06 2F 06 25 06 37 06 73 06 2F 06 29 06 2B 06 35 06
24 06 5E 06 15 06 31 06 32 06 3C 06 22 06 56 06 2D 06 2C 06 10 06 25 06 75 06 31 06 2D 06 27 06
38 06 53 06 82 06 57 06 46 06 5F 06 51 06 3A 06 63 06 72 06 6E 06 78 06 25 06 76 06 66 06 76 06
70 06 60 06 67 06 38 06 6B 06 6F 06 6B 06 77 06 4B 06 73 06 68 06 6B 06 5F 06 13 06 4E 06 5E 06
47 06 67 06 3C 06 07 06 2C 06 27 06 21 06 1D 06 58 06 5F 06 23 06 27 06 1B 06 27 06 27 06 54 06
0D 06 16 06 17 06 1E 06 0E 06 16 06 44 06 26 06 24 06 0C 06 2D 06 0F 06 FE 05 06 06 11 06 13 06
13 06 29 06 0D 06 2F 06 23 06 3A 06 37 06 06 06 32 06 34 06 42 06 36 06 0D 06 50 06 48 06 56 06
4A 06 4B 06 0A 06 5F 06 53 06 57 06 63 06 4B 06 54 06 5B 06 5E 06 62 06 5A 06 47 06 42 06 46 06
2C 06 44 06 2C 06 60 06 2E 06 2F 06 21 06 30 06 6E 06 21 06 2D 06 29 06 2F 06 6B 06 33 06 2C 06
2C 06 22 06 27 06 66 06 21 06 34 06 11 06 2B 06 13 06 3B 06 24 06 34 06 30 06 49 06 3F 06 6F 06
5B 06 53 06 5B 06 63 06 5B 06 29 06 51 06 64 06 56 06 66 06 66 06 2B 06 43 06 77 06 67 06 68 06
61 06 72 06 13 06 6F 06 67 06 6B 06 70 06 70 06 6A 06 29 06 5C 06 5B 06 5F 06 47 06 56 06 3E 06
40 06 3D 06 27 06 28 06 31 06 83 06 38 06 39 06 2B 06 27 06 63 06 23 06 1C 06 29 06 26 06 5D 06
52 06 2B 06 1C 06 24 06 19 06 64 06 19 06 1D 06 28 06 38 06 23 06 2B 06 39 06 47 06 4F 06 57 06
66 06 64 06 6A 06 76 06 6F 06 6F 06 6E 06 37 06 68 06 75 06 60 06 6E 06 5A 06 89 06 79 06 8D 06
7A 06 4A 06 81 06 83 06 73 06 83 06 44 06 76 06 6C 06 76 06 67 06 74 06 56 06 54 06 54 06 35 06
37 06 3C 06 53 06 4B 06 33 06 3F 06 37 06 45 06 5C 06 79 06 30 06 3C 06 34 06 37 06 74 06 40 06
2C 06 3D 06 2F 06 45 06 35 06 31 06 3D 06 39 06 39 06 4B 06 47 06 59 06 4F 06 6F 06 6A 06 2C 06
62 06 62 06 68 06 5A 06 29 06 71 06 61 06 6D 06 58 06 2B 06 55 06 5F 06 58 06 61 06 5A 06 43 06
50 06 63 06 5B 06 5E 06 55 06 5A 06 28 06 63 06 46 06 3C 06 34 06 44 06 28 06 29 06 20 06 25 06
2B 06 21 06 13 06 1E 06 23 06 27 06 1F 06 1F 06 5D 06 1C 06 0C 06 27 06 1B 06 0F 06 34 06 1C 06
1D 06 23 06 18 06 5C 06 07 06 29 06 29 06 42 06 33 06 57 06 4B 06 52 06 4E 06 4E 06 32 06 4A 06
4A 06 66 06 4E 06 F7 05 20 06 6E 06 60 06 63 06 56 06 6D 06 33 06 5F 06 5E 06 58 06 53 06 5A 06
63 06 6E 06 61 06 5A 06 2B 06 62 06 38 06 2E 06 44 06 31 06 4C 06 65 06 28 06 19 06 08 06 31 06
17 06 58 06 16 06 1F 06 1C 06 1F 06 10 06 61 06 42 06 17 06 17 06 26 06 17 06 5F 06 2D 06 25 06
20 06 24 06 27 06 31 06 21 06 33 06 3E 06 31 06 57 06 5F 06 52 06 6A 06 52 06 5E 06 1C 06 60 06
66 06 61 06 61 06 34 06 60 06 6E 06 5B 06 5F 06 1B 06 63 06 5B 06 6D 06 6B 06 56 06 14 06 6A 06
52 06 53 06 54 06 47 06 34 06 34 06 25 06 15 06 4E 06 1C 06 09 06 1B 06 13 06 13 06 0F 06 5D 06
09 06 17 06 03 06 10 06 3F 06 0E 06 0D 06 20 06 20 06 73 06 34 06 21 06 1F 06 1C 06 19 06 31 06
21 06 39 06 37 06 4B 06 66 06 53 06 4F 06 5B 06 5A 06 23 06 5E 06 66 06 60 06 66 06 6D 06 6D 06
2B 06 67 06 66 06 62 06 58 06 33 06 5D 06 73 06 68 06 51 06 6A 06 7A 06 62 06 72 06 68 06 62 06
5E 06 5A 06 4E 06 4E 06 3E 06 72 06 6A 06 39 06 31 06 33 06 3B 06 4B 06 85 06 47 06 30 06 47 06
32 06 62 06 1E 06 2C 06 1C 06 35 06 2C 06 6F 06 27 06 39 06 2B 06 34 06 6B 06 39 06 31 06 38 06
33 06 61 06 4B 06 4B 06 49 06 62 06 10 06 4C 06 3E 06 50 06 4C 06 25 06 59 06 5B 06 50 06 57 06
53 06 27 06 53 06 58 06 5A 06 63 06 60 06 4B 06 5A 06 53 06 5A 06 52 06 1D 06 52 06 44 06 42 06
36 06 20 06 2D 06 1D 06 0D 06 24 06 15 06 5B 06 13 06 19 06 19 06 1F 06 19 06 1C 06 50 06 1B 06
1A 06 26 06 1D 06 48 06 20 06 26 06 11 06 13 06 28 06 25 06 18 06 3F 06 3B 06 4E 06 27 06 4B 06
53 06 60 06 62 06 54 06 72 06 72 06 6B 06 6A 06 24 06 6F 06 63 06 73 06 75 06 45 06 6D 06 7F 06
6F 06 83 06 72 06 81 06 63 06 83 06 7A 06 72 06 5C 06 7A 06 5A 06 63 06 42 06 40 06 49 06 67 06
2B 06 2C 06 24 06 3D 06 53 06 2B 06 1F 06 2B 06 24 06 73 06 27 06 2C 06 1E 06 32 06 21 06 24 06
66 06 2F 06 0C 06 FF 05 1F 06 2F 06 21 06 6A 06 28 06 31 06 29 06 51 06 1F 06 14 06 3F 06 52 06
43 06 5A 06 14 06 5D 06 52 06 5E 06 4F 06 58 06 21 06 55 06 73 06 6B 06 5B 06 27 06 57 06 72 06
59 06 6B 06 5F 06 1C 06 50 06 60 06 52 06 53 06 4E 06 4E 06 4C 06 34 06 31 06 39 06 53 06 40 06
2D 06 35 06 29 06 37 06 6F 06 3A 06 2F 06 39 06 2B 06 6E 06 2E 06 3E 06 27 06 2B 06 6B 06 2C 06
20 06 27 06 25 06 2F 06 6A 06 31 06 38 06 3D 06 43 06 31 06 50 06 60 06 4B 06 57 06 24 06 18 06
5F 06 56 06 5C 06 66 06 64 06 23 06 63 06 66 06 4F 06 71 06 31 06 6D 06 61 06 6A 06 5B 06 27 06
67 06 6A 06 70 06 6C 06 64 06 25 06 5D 06 4C 06 47 06 34 06 52 06 5A 06 17 06 2F 06 28 06 29 06
1F 06 5E 06 34 06 2D 06 1A 06 1F 06 18 06 60 06 1B 06 0F 06 13 06 13 06 0B 06 2D 06 07 06 0D 06
0D 06 1C 06 11 06 52 06 1D 06 25 06 2F 06 37 06 41 06 22 06 52 06 4E 06 4E 06 4E 06 07 06 4E 06
3A 06 4C 06 4B 06 1B 06 0F 06 5A 06 4F 06 5D 06 61 06 16 06 5B 06 66 06 6F 06 67 06 4B 06 62 06
63 06 50 06 53 06 62 06 4F 06 4C 06 3E 06 3C 06 40 06 34 06 68 06 25 06 2C 06 25 06 33 06 71 06
2F 06 31 06 32 06 26 06 66 06 5C 06 24 06 30 06 20 06 26 06 54 06 2E 06 29 06 35 06 17 06 2D 06
28 06 3D 06 2B 06 43 06 3B 06 47 06 28 06 3F 06 57 06 6A 06 5E 06 66 06 5A 06 40 06 60 06 5A 06
59 06 60 06 20 06 62 06 61 06 6B 06 61 06 3F 06 66 06 77 06 68 06 79 06 70 06 76 06 6F 06 6D 06
5C 06 56 06 4C 06 48 06 52 06 41 06 2B 06 39 06 34 06 53 06 33 06 43 06 2B 06 43 06 61 06 27 06
1C 06 27 06 20 06 26 06 57 06 23 06 14 06 0F 06 14 06 09 06 17 06 07 06 0F 06 20 06 21 06 17 06
11 06 3A 06 28 06 2F 06 03 06 21 06 42 06 4E 06 52 06 1A 06 24 06 60 06 4E 06 49 06 58 06 20 06
57 06 68 06 68 06 7A 06 33 06 72 06 6F 06 6E 06 63 06 5B 06 53 06 5E 06 66 06 66 06 57 06 4C 06
6C 06 56 06 34 06 04 06 25 06 5A 06 34 06 29 06 31 06 35 06 62 06 2C 06 35 06 37 06 2E 06 3D 06
67 06 3E 06 34 06 3B 06 34 06 40 06 28 06 73 06 3B 06 3D 06 48 06 41 06 33 06 3D 06 37 06 4B 06
4B 06 27 06 56 06 60 06 4E 06 56 06 2D 06 62 06 5A 06 6C 06 54 06 29 06 57 06 6E 06 5A 06 6B 06
61 06 33 06 42 06 6E 06 63 06 69 06 68 06 72 06 24 06 66 06 4F 06 5E 06 44 06 58 06 44 06 44 06
2D 06 27 06 5E 06 21 06 19 06 19 06 1F 06 50 06 1F 06 27 06 25 06 2A 06 4E 06 5C 06 18 06 1F 06
1A 06 17 06 25 06 20 06 23 06 27 06 19 06 2C 06 20 06 62 06 2B 06 33 06 2B 06 31 06 43 06 56 06
21 06 60 06 5E 06 66 06 4F 06 46 06 56 06 5C 06 59 06 54 06 23 06 62 06 56 06 68 06 49 06 5A 06
57 06 43 06 5F 06 62 06 6A 06 76 06 68 06 72 06 62 06 60 06 38 06 46 06 5A 06 41 06 34 06 3D 06
29 06 63 06 39 06 39 06 2D 06 37 06 68 06 30 06 2F 06 33 06 2C 06 72 06 3C 06 37 06 33 06 37 06
25 06 2C 06 3D 06 1B 06 37 06 3D 06 39 06 3B 06 49 06 51 06 3E 06 51 06 3C 06 30 06 4E 06 62 06
5E 06 5F 06 25 06 64 06 60 06 62 06 5D 06 25 06 55 06 6F 06 6A 06 78 06 5F 06 72 06 12 06 5B 06
5F 06 5B 06 56 06 5E 06 20 06 4B 06 57 06 5A 06 4E 06 46 06 2B 06 31 06 29 06 29 06 19 06 18 06
47 06 2B 06 2B 06 27 06 2E 06 31 06 66 06 23 06 1C 06 24 06 17 06 58 06 1B 06 1D 06 18 06 23 06
21 06 29 06 6F 06 62 06 39 06 3F 06 33 06 4D 06 62 06 63 06 61 06 67 06 66 06 6A 06 39 06 31 06
68 06 72 06 74 06 7F 06 41 06 7B 06 6E 06 7A 06 78 06 49 06 80 06 7F 06 7D 06 86 06 6B 06 7E 06
80 06 76 06 67 06 6B 06 62 06 72 06 5E 06 5C 06 48 06 48 06 6E 06 41 06 31 06 41 06 4D 06 6A 06
6B 06 37 06 40 06 37 06 3F 06 6C 06 2C 06 2D 06 29 06 2D 06 5F 06 35 06 24 06 25 06 1F 06 30 06
2D 06 28 06 29 06 31 06 2F 06 43 06 27 06 4B 06 53 06 5A 06 66 06 24 06 5A 06 5E 06 52 06 56 06
23 06 21 06 5E 06 2F 06 58 06 5D 06 5B 06 29 06 53 06 5B 06 4E 06 49 06 5B 06 52 06 4B 06 4B 06
45 06 4E 06 19 06 4A 06 2C 06 1C 06 0D 06 24 06 1F 06 09 06 31 06 14 06 09 06 1B 06 5F 06 43 06
1F 06 1F 06 1F 06 27 06 5F 06 23 06 1F 06 27 06 20 06 14 06 29 06 23 06 19 06 1D 06 15 06 51 06
13 06 2B 06 39 06 3B 06 43 06 54 06 5F 06 6A 06 6E 06 6A 06 21 06 27 06 60 06 58 06 59 06 17 06
52 06 53 06 5E 06 5B 06 59 06 59 06 3C 06 6F 06 68 06 5E 06 63 06 5E 06 66 06 50 06 53 06 53 06
39 06 60 06 48 06 44 06 29 06 3B 06 3E 06 38 06 39 06 30 06 2F 06 27 06 24 06 54 06 13 06 1B 06
17 06 20 06 27 06 71 06 56 06 24 06 25 06 24 06 1F 06 66 06 1D 06 25 06 29 06 2D 06 31 06 40 06
4B 06 46 06 53 06 51 06 57 06 57 06 5E 06 6A 06 62 06 64 06 24 06 56 06 48 06 55 06 56 06 0F 06
60 06 6B 06 69 06 66 06 2A 06 49 06 6F 06 61 06 4A 06 52 06 21 06 61 06 5E 06 52 06 4B 06 5C 06
3C 06 37 06 33 06 11 06 69 06 2D 06 33 06 31 06 2F 06 3B 06 29 06 6A 06 30 06 2E 06 20 06 24 06
57 06 27 06 27 06 33 06 30 06 89 06 4D 06 35 06 37 06 40 06 37 06 7A 06 41 06 4E 06 4B 06 67 06
53 06 63 06 66 06 66 06 6C 06 31 06 66 06 72 06 86 06 88 06 78 06 7F 06 45 06 7B 06 89 06 83 06
6B 06 63 06 82 06 8E 06 8B 06 83 06 41 06 80 06 86 06 71 06 6E 06 7A 06 77 06 58 06 44 06 55 06
3C 06 76 06 82 06 39 06 45 06 3B 06 33 06 37 06 68 06 66 06 1D 06 26 06 20 06 34 06 21 06 60 06
20 06 24 06 20 06 2B 06 2C 06 21 06 1D 06 25 06 21 06 1F 06 31 06 2C 06 3B 06 3F 06 47 06 4B 06
18 06 46 06 4F 06 46 06 46 06 23 06 4E 06 52 06 61 06 61 06 33 06 29 06 5D 06 5B 06 57 06 57 06
58 06 5D 06 68 06 67 06 66 06 3F 06 62 06 57 06 5A 06 46 06 34 06 29 06 24 06 29 06 1D 06 20 06
24 06 5E 06 29 06 2F 06 2C 06 2B 06 64 06 35 06 23 06 31 06 24 06 40 06 6C 06 2B 06 31 06 36 06
29 06 4B 06 1D 06 01 06 38 06 48 06 45 06 45 06 72 06 47 06 4B 06 49 06 53 06 1C 06 56 06 5E 06
68 06 6B 06 34 06 74 06 6E 06 68 06 63 06 2A 06 72 06 69 06 83 06 68 06 4E 06 24 06 5F 06 63 06
62 06 62 06 5A 06 5A 06 54 06 4E 06 52 06 4E 06 4C 06 2B 06 34 06 3D 06 29 06 29 06 25 06 5A 06
21 06 1D 06 27 06 27 06 29 06 5E 06 2D 06 30 06 26 06 25 06 52 06 20 06 29 06 21 06 1C 06 21 06
25 06 38 06 24 06 2F 06 2F 06 25 06 23 06 45 06 3B 06 4F 06 3B 06 1B 06 1D 06 52 06 54 06 50 06
56 06 29 06 65 06 5B 06 61 06 62 06 30 06 3F 06 68 06 6A 06 67 06 4F 06 6D 06 6D 06 70 06 72 06
5A 06 64 06 5A 06 5F 06 5E 06 4C 06 54 06 68 06 39 06 31 06 2C 06 30 06 58 06 76 06 31 06 39 06
49 06 86 06 43 06 3B 06 32 06 36 06 2E 06 54 06 34 06 25 06 24 06 2E 06 35 06 2F 06 6A 06 33 06
2E 06 39 06 3C 06 3B 06 33 06 68 06 53 06 57 06 57 06 60 06 33 06 62 06 67 06 64 06 62 06 6E 06
27 06 67 06 67 06 6B 06 6F 06 73 06 4B 06 7B 06 6F 06 78 06 68 06 31 06 77 06 6E 06 6A 06 57 06
4E 06 27 06 4B 06 3C 06 2C 06 2C 06 62 06 2D 06 20 06 1C 06 13 06 5A 06 19 06 17 06 1F 06 11 06
1A 06 15 06 56 06 1C 06 1F 06 21 06 20 06 2C 06 0E 06 1C 06 11 06 07 06 52 06 19 06 20 06 23 06
21 06 30 06 1D 06 47 06 4F 06 4F 06 56 06 2C 06 5B 06 62 06 5C 06 6A 06 68 06 64 06 29 06 60 06
56 06 53 06 59 06 5B 06 29 06 5B 06 6B 06 63 06 71 06 67 06 6A 06 6C 06 60 06 60 06 47 06 52 06
2D 06 40 06 44 06 33 06 2B 06 20 06 5F 06 2D 06 2B 06 29 06 31 06 78 06 30 06 2B 06 30 06 26 06
6B 06 63 06 35 06 25 06 2B 06 34 06 6F 06 25 06 3B 06 3D 06 3D 06 43 06 49 06 4B 06 49 06 4A 06
3E 06 50 06 63 06 5E 06 6A 06 68 06 6C 06 35 06 6C 06 66 06 78 06 78 06 2F 06 6F 06 6B 06 71 06
78 06 25 06 3F 06 72 06 5F 06 68 06 6B 06 29 06 5E 06 5F 06 5A 06 57 06 44 06 44 06 3C 06 2C 06
29 06 33 06 22 06 32 06 2C 06 30 06 2B 06 29 06 1F 06 1D 06 46 06 10 06 0E 06 14 06 10 06 36 06
18 06 16 06 11 06 1C 06 15 06 5B 06 13 06 1F 06 38 06 29 06 58 06 2F 06 2F 06 4D 06 3A 06 4F 06
30 06 3D 06 5A 06 52 06 57 06 56 06 2C 06 60 06 69 06 64 06 6F 06 39 06 3B 06 68 06 69 06 6B 06
48 06 62 06 6A 06 71 06 5B 06 5F 06 70 06 64 06 53 06 5A 06 58 06 5C 06 68 06 40 06 4C 06 43 06
2C 06 62 06 3D 06 35 06 2D 06 35 06 37 06 74 06 33 06 32 06 2E 06 26 06 26 06 53 06 1C 06 1C 06
24 06 28 06 29 06 66 06 1D 06 27 06 2C 06 39 06 2D 06 5B 06 28 06 48 06 43 06 43 06 53 06 1C 06
1D 06 4E 06 4A 06 4C 06 54 06 52 06 27 06 54 06 52 06 53 06 4A 06 19 06 53 06 4B 06 4F 06 58 06
52 06 61 06 56 06 57 06 46 06 19 06 46 06 30 06 26 06 16 06 46 06 0D 06 0D 06 0C 06 14 06 18 06
5F 06 5B 06 1B 06 15 06 0F 06 53 06 1B 06 16 06 17 06 16 06 11 06 43 06 01 06 07 06 0C 06 0F 06
17 06 24 06 21 06 14 06 28 06 2D 06 42 06 1F 06 2F 06 3B 06 43 06 41 06 40 06 56 06 5E 06 5E 06
58 06 44 06 62 06 69 06 68 06 6B 06 41 06 77 06 6B 06 73 06 6B 06 73 06 2C 06 63 06 6A 06 73 06
72 06 6A 06 6F 06 67 06 63 06 56 06 48 06 4B 06 56 06 3C 06 2B 06 2B 06 2F 06 38 06 66 06 68 06
33 06 25 06 27 06 17 06 4E 06 14 06 1C 06 17 06 17 06 1B 06 60 06 1F 06 26 06 24 06 17 06 1F 06
2C 06 2D 06 29 06 39 06 3F 06 3B 06 3B 06 5E 06 53 06 46 06 52 06 5B 06 24 06 5C 06 56 06 62 06
5A 06 25 06 5B 06 60 06 60 06 5B 06 13 06 67 06 71 06 68 06 6F 06 56 06 23 06 6A 06 5E 06 5E 06
5C 06 46 06 4B 06 4C 06 46 06 40 06 5C 06 30 06 24 06 2D 06 21 06 27 06 52 06 2B 06 33 06 2D 06
37 06 31 06 72 06 34 06 24 06 2C 06 27 06 67 06 2E 06 27 06 2D 06 2D 06 3B 06 6F 06 2F 06 39 06
38 06 43 06 80 06 57 06 5F 06 6A 06 5F 06 1E 06 20 06 62 06 66 06 5E 06 60 06 64 06 2F 06 6B 06
6F 06 73 06 57 06 18 06 63 06 65 06 67 06 5F 06 1C 06 6B 06 80 06 63 06 72 06 7D 06 6B 06 27 06
5F 06 4C 06 48 06 40 06 48 06 3F 06 25 06 2D 06 35 06 31 06 4B 06 5C 06 40 06 25 06 25 06 21 06
27 06 61 06 24 06 23 06 27 06 17 06 40 06 0C 06 1B 06 13 06 0F 06 15 06 21 06 19 06 19 06 19 06
28 06 23 06 13 06 53 06 52 06 4E 06 4E 06 17 06 4F 06 4F 06 46 06 45 06 1F 06 0F 06 4A 06 4C 06
58 06 59 06 20 06 63 06 53 06 57 06 43 06 52 06 52 06 04 06 50 06 5A 06 5A 06 56 06 46 06 50 06
4A 06 3C 06 1E 06 30 06 1D 06 58 06 5F 06 29 06 27 06 2B 06 2F 06 26 06 67 06 29 06 3F 06 3C 06
2C 06 62 06 3D 06 27 06 34 06 2D 06 31 06 29 06 6C 06 27 06 35 06 43 06 49 06 47 06 60 06 63 06
5F 06 69 06 6B 06 6E 06 37 06 72 06 6E 06 6C 06 68 06 34 06 68 06 6F 06 67 06 60 06 59 06 37 06
79 06 6A 06 73 06 62 06 23 06 67 06 63 06 70 06 6E 06 5A 06 63 06 57 06 4E 06 5C 06 48 06 33 06
67 06 3F 06 40 06 34 06 3F 06 43 06 37 06 59 06 41 06 35 06 3F 06 70 06 2E 06 34 06 31 06 27 06
6A 06 2D 06 34 06 35 06 31 06 6F 06 2C 06 35 06 39 06 3D 06 39 06 2E 06 53 06 63 06 65 06 56 06
6E 06 3D 06 69 06 7C 06 6A 06 6A 06 45 06 6F 06 6E 06 77 06 6F 06 6E 06 78 06 3F 06 78 06 7B 06
84 06 7B 06 83 06 31 06 6E 06 67 06 64 06 53 06 5D 06 5C 06 54 06 44 06 54 06 2C 06 5F 06 4C 06
2C 06 28 06 39 06 2B 06 33 06 65 06 2D 06 37 06 37 06 30 06 3B 06 79 06 2B 06 2F 06 34 06 34 06
45 06 7A 06 47 06 37 06 38 06 48 06 48 06 70 06 49 06 5B 06 5B 06 61 06 3F 06 67 06 62 06 72 06
7C 06 35 06 6E 06 6E 06 66 06 84 06 7B 06 74 06 3C 06 6A 06 6D 06 6F 06 67 06 51 06 7A 06 63 06
6A 06 70 06 2B 06 58 06 66 06 57 06 52 06 46 06 2D 06 2C 06 30 06 2C 06 25 06 53 06 19 06 2B 06
1F 06 1F 06 21 06 23 06 48 06 19 06 22 06 0C 06 06 06 0A 06 12 06 4D 06 04 06 08 06 08 06 03 06
0D 06 25 06 04 06 E3 05 18 06 0F 06 03 06 19 06 23 06 2B 06 3E 06 42 06 02 06 36 06 3A 06 42 06
36 06 07 06 34 06 3F 06 43 06 3F 06 43 06 09 06 53 06 4A 06 5B 06 43 06 1F 06 44 06 3E 06 3A 06
3A 06 37 06 00 06 53 06 36 06 3C 06 2E 06 1C 06 51 06 1F 06 19 06 0D 06 19 06 5A 06 1F 06 24 06
1B 06 13 06 52 06 27 06 12 06 0C 06 0F 06 0B 06 54 06 14 06 14 06 15 06 1B 06 21 06 11 06 18 06
18 06 1D 06 1D 06 17 06 3A 06 37 06 51 06 3B 06 52 06 0C 06 46 06 46 06 4A 06 3E 06 0E 06 55 06
5C 06 57 06 60 06 14 06 55 06 58 06 4F 06 57 06 56 06 18 06 53 06 53 06 3A 06 4A 06 46 06 3D 06
30 06 32 06 37 06 2C 06 24 06 13 06 1C 06 0F 06 0D 06 09 06 11 06 44 06 19 06 0F 06 0F 06 0F 06
07 06 44 06 24 06 06 06 FB 05 F3 05 FD 05 40 06 0C 06 18 06 17 06 0F 06 26 06 28 06 2C 06 29 06
23 06 2D 06 1F 06 3F 06 4B 06 5E 06 56 06 31 06 2B 06 53 06 56 06 5A 06 54 06 33 06 61 06 66 06
6B 06 68 06 35 06 73 06 74 06 7A 06 7A 06 67 06 80 06 86 06 7B 06 7A 06 71 06 77 06 6A 06 57 06
60 06 4E 06 54 06 77 06 45 06 3C 06 3C 06 34 06 70 06 3D 06 37 06 41 06 41 06 60 06 74 06 3A 06
3E 06 3C 06 37 06 52 06 31 06 36 06 2C 06 25 06 2D 06 25 06 6A 06 2F 06 40 06 39 06 49 06 4B 06
4B 06 73 06 57 06 5B 06 66 06 6A 06 20 06 60 06 62 06 5C 06 54 06 2D 06 62 06 60 06 62 06 6A 06
5F 06 25 06 6B 06 6B 06 67 06 68 06 6D 06 1B 06 6F 06 5C 06 69 06 62 06 72 06 34 06 42 06 38 06
3C 06 24 06 53 06 29 06 23 06 25 06 2B 06 17 06 37 06 60 06 4B 06 27 06 30 06 25 06 2C 06 66 06
35 06 35 06 25 06 34 06 26 06 25 06 2D 06 21 06 29 06 29 06 39 06 3F 06 37 06 33 06 57 06 5B 06
56 06 28 06 4A 06 52 06 56 06 62 06 2C 06 71 06 6E 06 68 06 75 06 2A 06 34 06 5F 06 65 06 61 06
67 06 27 06 6D 06 6E 06 6B 06 70 06 56 06 64 06 60 06 63 06 54 06 74 06 68 06 4C 06 4D 06 39 06
31 06 68 06 23 06 09 06 31 06 41 06 35 06 76 06 39 06 26 06 29 06 22 06 68 06 53 06 25 06 2B 06
25 06 3C 06 7F 06 33 06 2F 06 2F 06 28 06 31 06 49 06 2F 06 50 06 3F 06 15 06 43 06 4E 06 52 06
56 06 56 06 4E 06 0C 06 4E 06 5C 06 54 06 54 06 1C 06 5B 06 56 06 65 06 5F 06 13 06 29 06 56 06
62 06 52 06 5E 06 20 06 5A 06 4E 06 51 06 3A 06 3C 06 4F 06 2E 06 36 06 2D 06 31 06 2C 06 5A 06
2C 06 2F 06 1F 06 25 06 2C 06 30 06 6A 06 30 06 20 06 28 06 2E 06 52 06 22 06 20 06 20 06 33 06
21 06 2D 06 34 06 34 06 48 06 45 06 3F 06 2F 06 33 06 59 06 53 06 5B 06 3D 06 63 06 68 06 72 06
63 06 64 06 35 06 5C 06 71 06 76 06 6E 06 40 06 53 06 7D 06 81 06 7A 06 7E 06 8B 06 3E 06 80 06
70 06 6E 06 6F 06 6D 06 65 06 67 06 5A 06 5E 06 71 06 41 06 39 06 35 06 3C 06 66 06 3D 06 35 06
3B 06 2D 06 37 06 62 06 2B 06 31 06 32 06 38 06 66 06 33 06 2C 06 2E 06 2C 06 32 06 33 06 28 06
2F 06 3D 06 29 06 72 06 4F 06 43 06 53 06 4B 06 51 06 24 06 66 06 62 06 62 06 5C 06 2D 06 56 06
5C 06 65 06 5C 06 4E 06 2C 06 5E 06 5A 06 5B 06 57 06 6A 06 16 06 68 06 66 06 5E 06 5E 06 62 06
21 06 6A 06 52 06 47 06 46 06 40 06 56 06 52 06 31 06 2F 06 29 06 28 06 6B 06 37 06 2B 06 2C 06
25 06 30 06 2A 06 6B 06 2D 06 2C 06 31 06 34 06 5C 06 36 06 34 06 3D 06 41 06 3C 06 3D 06 3D 06
48 06 53 06 60 06 46 06 55 06 6B 06 67 06 6E 06 54 06 7A 06 80 06 8C 06 8A 06 3E 06 8F 06 7B 06
85 06 7F 06 3C 06 6C 06 7A 06 7D 06 7B 06 6A 06 6B 06 69 06 63 06 72 06 5A 06 5A 06 52 06 5E 06
6C 06 62 06 5C 06 63 06 77 06 45 06 2D 06 20 06 2C 06 5B 06 27 06 37 06 37 06 34 06 66 06 29 06
27 06 27 06 24 06 56 06 1D 06 14 06 0C 06 15 06 1B 06 0F 06 20 06 1F 06 1C 06 28 06 2B 06 24 06
38 06 4F 06 45 06 3F 06 25 06 24 06 4E 06 56 06 47 06 54 06 56 06 1C 06 62 06 61 06 6E 06 69 06
67 06 43 06 53 06 43 06 73 06 78 06 7D 06 5B 06 83 06 72 06 82 06 6D 06 69 06 76 06 75 06 66 06
6C 06 64 06 54 06 58 06 81 06 4C 06 39 06 49 06 5F 06 8B 06 5F 06 4A 06 1F 06 3B 06 72 06 3A 06
36 06 34 06 33 06 72 06 30 06 2C 06 34 06 2F 06 2B 06 78 06 38 06 49 06 41 06 51 06 47 06 6D 06
6B 06 6B 06 46 06 82 06 7E 06 7A 06 6F 06 73 06 7A 06 49 06 6F 06 7B 06 76 06 7B 06 79 06 4D 06
79 06 81 06 7B 06 7E 06 31 06 66 06 76 06 76 06 64 06 78 06 34 06 57 06 5A 06 56 06 40 06 30 06
1D 06 3F 06 2A 06 2D 06 31 06 23 06 25 06 5A 06 63 06 27 06 1B 06 27 06 1F 06 55 06 28 06 1B 06
17 06 04 06 23 06 0E 06 0D 06 0F 06 14 06 1C 06 2F 06 69 06 39 06 39 06 42 06 4B 06 28 06 5A 06
4A 06 56 06 5C 06 1B 06 60 06 4E 06 4A 06 58 06 1F 06 4E 06 57 06 4E 06 53 06 3D 06 21 06 66 06
6E 06 6E 06 69 06 5E 06 52 06 56 06 62 06 65 06 5A 06 63 06 54 06 54 06 54 06 44 06 3D 06 6D 06
37 06 30 06 2B 06 3F 06 73 06 40 06 3F 06 3A 06 3B 06 6F 06 5F 06 38 06 2B 06 27 06 2C 06 69 06
28 06 25 06 25 06 6F 06 30 06 3C 06 3B 06 31 06 6A 06 4F 06 51 06 43 06 59 06 42 06 47 06 5E 06
50 06 56 06 20 06 19 06 60 06 5A 06 67 06 61 06 5E 06 52 06 68 06 58 06 63 06 66 06 43 06 56 06
68 06 63 06 5E 06 5F 06 42 06 0C 06 37 06 32 06 34 06 2C 06 53 06 1D 06 25 06 15 06 14 06 13 06
07 06 4B 06 03 06 FF 05 07 06 09 06 42 06 17 06 0A 06 07 06 32 06 03 06 F7 05 ED 05 F4 05 FD 05
24 06 FC 05 00 06 08 06 0D 06 11 06 1A 06 FE 05 0B 06 1F 06 27 06 FE 05 32 06 2F 06 3A 06 2A 06
2A 06 26 06 E9 05 38 06 37 06 33 06 01 06 40 06 48 06 4B 06 47 06 47 06 04 06 3F 06 52 06 5A 06
56 06 50 06 1B 06 3F 06 47 06 3C 06 2E 06 58 06 1C 06 30 06 29 06 2F 06 28 06 2B 06 5A 06 29 06
29 06 25 06 33 06 2D 06 66 06 24 06 26 06 23 06 23 06 27 06 54 06 1C 06 2C 06 25 06 37 06 38 06
45 06 59 06 39 06 27 06 63 06 53 06 45 06 63 06 6F 06 72 06 86 06 45 06 77 06 8E 06 88 06 7A 06
78 06 3D 06 7B 06 77 06 7B 06 79 06 48 06 73 06 9B 06 8F 06 AB 06 73 06 5E 06 82 06 72 06 73 06
77 06 64 06 88 06 66 06 60 06 54 06 49 06 7D 06 40 06 3C 06 3D 06 45 06 47 06 41 06 6F 06 49 06
37 06 3B 06 32 06 44 06 85 06 45 06 4D 06 47 06 4E 06 48 06 49 06 3F 06 47 06 44 06 50 06 77 06
5D 06 69 06 66 06 6F 06 80 06 6C 06 86 06 86 06 8A 06 80 06 4E 06 53 06 8C 06 94 06 85 06 95 06
82 06 44 06 7F 06 83 06 82 06 86 06 7E 06 83 06 44 06 7E 06 73 06 6E 06 70 06 6C 06 62 06 5C 06
6E 06 5E 06 4C 06 6E 06 3F 06 31 06 2C 06 21 06 2F 06 63 06 23 06 1F 06 1F 06 17 06 4E 06 1F 06
14 06 11 06 17 06 13 06 4F 06 15 06 0D 06 11 06 0F 06 11 06 0D 06 0C 06 1D 06 28 06 21 06 0D 06
2B 06 1F 06 3A 06 29 06 3E 06 F7 05 30 06 22 06 2B 06 22 06 ED 05 1F 06 24 06 2F 06 3D 06 FA 05
2D 06 3B 06 37 06 42 06 43 06 01 06 38 06 3A 06 3E 06 30 06 1E 06 2F 06 2E 06 22 06 28 06 0C 06
2E 06 25 06 15 06 19 06 1D 06 28 06 1F 06 68 06 2B 06 26 06 33 06 27 06 33 06 67 06 26 06 26 06
20 06 21 06 20 06 20 06 68 06 20 06 2B 06 3C 06 38 06 74 06 45 06 48 06 51 06 50 06 5B 06 5B 06
6E 06 72 06 72 06 7A 06 76 06 7A 06 49 06 7C 06 76 06 75 06 72 06 7B 06 40 06 85 06 88 06 8D 06
8E 06 40 06 88 06 91 06 90 06 83 06 73 06 8B 06 7E 06 85 06 70 06 72 06 6D 06 75 06 4C 06 3D 06
39 06 2D 06 3B 06 59 06 43 06 35 06 35 06 45 06 27 06 56 06 1F 06 1E 06 24 06 1B 06 0D 06 44 06
0E 06 14 06 0D 06 08 06 18 06 09 06 18 06 21 06 31 06 2F 06 38 06 1F 06 43 06 3B 06 4A 06 4A 06
16 06 4E 06 4C 06 5A 06 44 06 13 06 09 06 3F 06 33 06 36 06 0A 06 27 06 39 06 3B 06 3E 06 3B 06
2A 06 32 06 50 06 3B 06 3E 06 4A 06 37 06 1B 06 52 06 3C 06 34 06 30 06 23 06 1D 06 1D 06 13 06
11 06 28 06 FB 05 30 06 60 06 18 06 17 06 07 06 16 06 44 06 0E 06 09 06 0D 06 15 06 10 06 3C 06
15 06 0C 06 11 06 14 06 49 06 17 06 1D 06 2F 06 36 06 17 06 5B 06 3B 06 1E 06 3E 06 43 06 16 06
54 06 4E 06 4A 06 4E 06 4C 06 15 06 57 06 4F 06 4F 06 51 06 53 06 29 06 4B 06 51 06 5B 06 5B 06
56 06 62 06 52 06 4A 06 42 06 29 06 4D 06 40 06 4C 06 40 06 6E 06 46 06 30 06 3B 06 3F 06 31 06
37 06 72 06 31 06 35 06 30 06 2B 06 2C 06 61 06 1F 06 27 06 11 06 0E 06 2D 06 1C 06 27 06 2F 06
39 06 39 06 31 06 3D 06 33 06 35 06 40 06 29 06 59 06 5B 06 5E 06 24 06 27 06 64 06 67 06 70 06
66 06 3F 06 49 06 7F 06 7B 06 7C 06 7F 06 83 06 4A 06 8D 06 83 06 91 06 90 06 76 06 92 06 8A 06
8A 06 8C 06 82 06 70 06 5E 06 5C 06 4C 06 71 06 5C 06 49 06 4D 06 50 06 8A 06 45 06 4F 06 54 06
45 06 39 06 7A 06 62 06 44 06 45 06 3E 06 43 06 37 06 61 06 38 06 35 06 37 06 45 06 4C 06 61 06
4F 06 59 06 67 06 5B 06 73 06 71 06 6A 06 66 06 76 06 76 06 7E 06 7A 06 4C 06 76 06 7C 06 74 06
74 06 34 06 6B 06 68 06 6B 06 68 06 4D 06 72 06 6A 06 63 06 5B 06 1B 06 56 06 5A 06 47 06 48 06
47 06 4C 06 24 06 42 06 24 06 24 06 1C 06 1C 06 33 06 23 06 17 06 03 06 15 06 14 06 43 06 07 06
10 06 0C 06 10 06 0A 06 26 06 07 06 01 06 F4 05 FD 05 F7 05 EF 05 23 06 EC 05 08 06 09 06 13 06
05 06 32 06 2E 06 31 06 3B 06 0D 06 3E 06 34 06 42 06 36 06 05 06 42 06 3C 06 34 06 37 06 3A 06
F6 05 32 06 48 06 4F 06 53 06 3B 06 4A 06 62 06 5A 06 50 06 4A 06 58 06 57 06 47 06 56 06 46 06
4C 06 61 06 3B 06 49 06 31 06 3C 06 76 06 39 06 31 06 31 06 27 06 74 06 3F 06 30 06 46 06 48 06
50 06 82 06 33 06 2C 06 2C 06 34 06 3C 06 7F 06 3D 06 3D 06 40 06 3B 06 3E 06 43 06 4F 06 55 06
4A 06 67 06 2C 06 76 06 66 06 68 06 60 06 23 06 56 06 60 06 68 06 59 06 1F 06 60 06 68 06 6F 06
6B 06 79 06 52 06 10 06 72 06 6B 06 62 06 70 06 6A 06 3B 06 6E 06 5B 06 4C 06 44 06 4C 06 56 06
6F 06 3B 06 29 06 33 06 35 06 5E 06 1F 06 1B 06 44 06 27 06 72 06 23 06 07 06 24 06 4E 06 23 06
2F 06 25 06 34 06 26 06 2F 06 83 06 47 06 3D 06 39 06 4B 06 4B 06 34 06 5A 06 5B 06 5F 06 67 06
45 06 36 06 72 06 6E 06 82 06 72 06 48 06 71 06 6F 06 7F 06 77 06 82 06 8F 06 43 06 73 06 73 06
81 06 7B 06 7A 06 58 06 82 06 7E 06 76 06 75 06 75 06 7A 06 73 06 5C 06 5C 06 41 06 41 06 40 06
5B 06 41 06 39 06 2B 06 35 06 41 06 32 06 6A 06 2A 06 30 06 34 06 2D 06 5E 06 38 06 35 06 2E 06
2C 06 3F 06 39 06 72 06 34 06 44 06 35 06 31 06 3D 06 4E 06 62 06 4B 06 63 06 63 06 72 06 34 06
6E 06 72 06 66 06 6C 06 6C 06 39 06 6B 06 62 06 74 06 71 06 78 06 49 06 6F 06 7E 06 6B 06 76 06
29 06 72 06 72 06 62 06 65 06 5C 06 2F 06 57 06 4C 06 3C 06 44 06 66 06 67 06 31 06 28 06 2F 06
76 06 73 06 2B 06 25 06 31 06 33 06 27 06 62 06 34 06 32 06 2B 06 31 06 58 06 2C 06 34 06 33 06
2D 06 76 06 2F 06 38 06 48 06 4B 06 50 06 6B 06 57 06 6B 06 53 06 72 06 33 06 6A 06 68 06 64 06
6A 06 6A 06 79 06 49 06 75 06 60 06 6E 06 60 06 68 06 37 06 60 06 72 06 63 06 69 06 65 06 60 06
66 06 5C 06 54 06 57 06 4E 06 4E 06 63 06 60 06 3C 06 3C 06 34 06 68 06 21 06 28 06 11 06 19 06
5F 06 15 06 2B 06 22 06 22 06 57 06 56 06 11 06 17 06 0D 06 07 06 4B 06 17 06 19 06 0D 06 19 06
25 06 18 06 21 06 17 06 28 06 01 06 1F 06 1B 06 32 06 32 06 37 06 42 06 FB 05 2A 06 32 06 34 06
3C 06 FB 05 34 06 35 06 40 06 2F 06 E9 05 F3 05 2A 06 33 06 3A 06 38 06 FC 05 33 06 36 06 34 06
30 06 3E 06 3F 06 30 06 24 06 20 06 10 06 13 06 42 06 65 06 1D 06 21 06 25 06 15 06 15 06 33 06
03 06 FA 05 F6 05 06 06 2B 06 24 06 0B 06 07 06 04 06 15 06 30 06 1F 06 13 06 18 06 1C 06 38 06
2B 06 3F 06 0F 06 29 06 4D 06 2D 06 51 06 6E 06 76 06 6B 06 37 06 34 06 76 06 6F 06 6B 06 84 06
47 06 A5 06 91 06 8B 06 91 06 8B 06 47 06 8B 06 AB 06 90 06 A2 06 92 06 3F 06 8E 06 82 06 73 06
7A 06 8A 06 64 06 4F 06 47 06 4D 06 66 06 54 06 4B 06 3F 06 47 06 72 06 6A 06 2D 06 3D 06 39 06
3F 06 72 06 49 06 43 06 3C 06 34 06 64 06 2F 06 2C 06 35 06 3C 06 2C 06 77 06 31 06 43 06 57 06
53 06 71 06 35 06 62 06 62 06 5E 06 5A 06 29 06 4E 06 5A 06 64 06 5A 06 30 06 2C 06 5A 06 57 06
5D 06 69 06 29 06 4B 06 5F 06 5B 06 68 06 62 06 50 06 2C 06 66 06 5E 06 57 06 66 06 52 06 62 06
67 06 44 06 29 06 2C 06 24 06 66 06 6B 06 2D 06 35 06 37 06 37 06 3B 06 7A 06 49 06 3F 06 3F 06
3A 06 35 06 47 06 6F 06 34 06 35 06 29 06 1C 06 20 06 21 06 1D 06 25 06 35 06 43 06 53 06 2B 06
65 06 6E 06 62 06 6A 06 25 06 5C 06 5C 06 66 06 35 06 74 06 66 06 63 06 73 06 5F 06 15 06 4B 06
5A 06 5A 06 5F 06 71 06 5E 06 62 06 63 06 6E 06 57 06 63 06 50 06 2C 06 3C 06 2C 06 38 06 25 06
18 06 4E 06 34 06 1D 06 1D 06 23 06 17 06 45 06 1B 06 10 06 07 06 0E 06 37 06 15 06 03 06 FF 05
07 06 06 06 09 06 13 06 0D 06 01 06 15 06 1B 06 11 06 13 06 13 06 22 06 27 06 1C 06 06 06 37 06
42 06 4E 06 14 06 4A 06 5A 06 52 06 50 06 61 06 25 06 3B 06 68 06 6F 06 61 06 5D 06 6B 06 14 06
42 06 56 06 53 06 53 06 52 06 6C 06 23 06 4E 06 56 06 54 06 44 06 69 06 3F 06 29 06 27 06 29 06
2D 06 5A 06 21 06 2F 06 2D 06 23 06 27 06 52 06 27 06 1D 06 17 06 25 06 73 06 1E 06 2C 06 26 06
35 06 21 06 73 06 2D 06 3B 06 39 06 48 06 39 06 43 06 49 06 43 06 57 06 2A 06 62 06 66 06 66 06
5E 06 62 06 60 06 19 06 5A 06 52 06 4F 06 5E 06 19 06 5C 06 4F 06 62 06 5B 06 0E 06 58 06 53 06
58 06 3E 06 3E 06 01 06 27 06 3B 06 2B 06 28 06 3D 06 49 06 08 06 17 06 09 06 01 06 08 06 3F 06
0D 06 15 06 E7 05 C7 05 F1 05 28 06 01 06 F4 05 F7 05 F6 05 F3 05 04 06 00 06 FB 05 FB 05 EF 05
E1 05 38 06 08 06 0D 06 09 06 19 06 22 06 0D 06 53 06 3F 06 4E 06 3F 06 D4 05 46 06 3E 06 42 06
44 06 1F 06 13 06 5A 06 4F 06 4E 06 4E 06 1F 06 4B 06 56 06 5B 06 6F 06 68 06 6B 06 82 06 66 06
62 06 6B 06 67 06 43 06 41 06 44 06 5C 06 54 06 4D 06 2C 06 38 06 25 06 39 06 3B 06 35 06 78 06
32 06 3B 06 33 06 34 06 36 06 34 06 62 06 30 06 34 06 34 06 32 06 35 06 29 06 17 06 20 06 34 06
55 06 2F 06 41 06 59 06 5F 06 69 06 76 06 82 06 86 06 86 06 8A 06 4C 06 41 06 7A 06 7B 06 6E 06
7F 06 7B 06 40 06 80 06 84 06 8B 06 7E 06 42 06 86 06 7F 06 71 06 7B 06 6E 06 6A 06 64 06 65 06
5D 06 29 06 72 06 48 06 45 06 2B 06 31 06 5B 06 49 06 49 06 3F 06 45 06 75 06 3F 06 3B 06 33 06
2E 06 34 06 44 06 64 06 33 06 33 06 27 06 2F 06 41 06 2D 06 39 06 2F 06 4C 06 35 06 49 06 41 06
47 06 55 06 46 06 39 06 5A 06 62 06 66 06 62 06 30 06 5A 06 6E 06 60 06 68 06 6F 06 33 06 6F 06
6B 06 6F 06 61 06 71 06 2E 06 77 06 6B 06 83 06 79 06 86 06 68 06 90 06 87 06 74 06 72 06 70 06
84 06 8F 06 60 06 59 06 5D 06 51 06 66 06 9A 06 55 06 5D 06 47 06 41 06 73 06 33 06 36 06 40 06
3C 06 67 06 35 06 41 06 34 06 44 06 7A 06 4D 06 3F 06 3D 06 39 06 4D 06 7E 06 58 06 39 06 60 06
63 06 39 06 5F 06 66 06 5A 06 6E 06 2B 06 6E 06 72 06 5C 06 6D 06 69 06 27 06 5E 06 5E 06 75 06
6F 06 6B 06 5F 06 6A 06 72 06 7B 06 72 06 2F 06 66 06 64 06 6B 06 5A 06 5A 06 3D 06 5C 06 54 06
34 06 31 06 2D 06 39 06 33 06 2B 06 43 06 8F 06 49 06 50 06 4B 06 39 06 46 06 44 06 72 06 44 06
33 06 2D 06 3C 06 47 06 44 06 3B 06 45 06 4C 06 77 06 33 06 55 06 63 06 66 06 6B 06 77 06 86 06
7E 06 7A 06 82 06 78 06 7E 06 57 06 80 06 79 06 7F 06 6F 06 81 06 35 06 68 06 6D 06 7B 06 7F 06
93 06 89 06 48 06 66 06 8B 06 82 06 7E 06 86 06 41 06 6F 06 72 06 64 06 54 06 7D 06 51 06 3A 06
40 06 35 06 82 06 4B 06 27 06 3C 06 37 06 7F 06 71 06 44 06 5C 06 2C 06 18 06 6E 06 20 06 20 06
20 06 15 06 25 06 21 06 25 06 3B 06 40 06 2B 06 27 06 2B 06 28 06 2B 06 3B 06 33 06 04 06 3F 06
4A 06 3B 06 4A 06 0C 06 39 06 38 06 31 06 33 06 F5 05 FD 05 38 06 28 06 27 06 06 06 E4 05 27 06
3B 06 33 06 46 06 3F 06 3D 06 11 06 47 06 4E 06 3C 06 2C 06 1D 06 2D 06 3F 06 15 06 08 06 15 06
1F 06 42 06 15 06 1F 06 2E 06 11 06 4A 06 05 06 10 06 16 06 30 06 56 06 25 06 25 06 20 06 1F 06
1B 06 57 06 28 06 28 06 39 06 39 06 37 06 27 06 32 06 3D 06 3F 06 4D 06 18 06 1C 06 5A 06 56 06
62 06 58 06 33 06 61 06 66 06 5A 06 62 06 33 06 5D 06 55 06 52 06 5F 06 2D 06 4F 06 42 06 4A 06
5E 06 3C 06 37 06 42 06 3E 06 40 06 47 06 28 06 4C 06 27 06 1D 06 29 06 20 06 56 06 67 06 1B 06
27 06 31 06 27 06 52 06 22 06 24 06 20 06 17 06 42 06 13 06 19 06 27 06 23 06 2F 06 2B 06 66 06
41 06 34 06 31 06 2F 06 2F 06 47 06 66 06 51 06 43 06 5A 06 4E 06 17 06 58 06 50 06 4A 06 5A 06
53 06 5D 06 27 06 57 06 66 06 6A 06 61 06 43 06 6A 06 84 06 81 06 79 06 2F 06 7E 06 72 06 76 06
6A 06 5B 06 2C 06 44 06 44 06 44 06 3C 06 6A 06 6A 06 30 06 39 06 29 06 31 06 2F 06 63 06 2F 06
33 06 31 06 34 06 74 06 46 06 2E 06 27 06 37 06 44 06 2C 06 35 06 0B 06 25 06 5E 06 29 06 28 06
31 06 3F 06 3D 06 52 06 49 06 66 06 6B 06 7A 06 35 06 82 06 7E 06 6E 06 5A 06 2D 06 6C 06 71 06
73 06 78 06 68 06 6D 06 59 06 98 06 82 06 73 06 78 06 73 06 73 06 76 06 5E 06 56 06 24 06 5A 06
4A 06 36 06 14 06 06 06 1A 06 03 06 F9 05 F8 05 03 06 46 06 50 06 23 06 11 06 0E 06 29 06 30 06
5A 06 1E 06 17 06 11 06 17 06 05 06 32 06 04 06 EF 05 01 06 0D 06 2C 06 25 06 25 06 29 06 2E 06
42 06 4F 06 1C 06 17 06 62 06 6E 06 62 06 68 06 24 06 5A 06 61 06 58 06 68 06 27 06 67 06 7E 06
6B 06 78 06 33 06 53 06 63 06 6F 06 48 06 5A 06 4C 06 62 06 86 06 67 06 27 06 62 06 62 06 5C 06
44 06 41 06 77 06 3D 06 28 06 34 06 51 06 3F 06 2F 06 5F 06 41 06 32 06 31 06 2C 06 74 06 3F 06
41 06 53 06 47 06 9E 06 79 06 55 06 4D 06 3F 06 34 06 7E 06 48 06 48 06 5B 06 52 06 43 06 30 06
65 06 83 06 7E 06 70 06 7E 06 49 06 82 06 68 06 76 06 7D 06 78 06 75 06 31 06 72 06 81 06 79 06
72 06 53 06 7B 06 6E 06 62 06 71 06 83 06 66 06 5B 06 57 06 6E 06 60 06 5A 06 7D 06 48 06 3F 06
40 06 40 06 5A 06 49 06 29 06 25 06 15 06 17 06 4C 06 0B 06 20 06 FF 05 07 06 34 06 13 06 05 06
05 06 04 06 09 06 11 06 0F 06 0D 06 04 06 18 06 14 06 1B 06 2B 06 2A 06 31 06 3B 06 16 06 3E 06
52 06 5E 06 68 06 39 06 67 06 78 06 78 06 79 06 7C 06 3F 06 62 06 6B 06 6D 06 6D 06 62 06 86 06
76 06 77 06 7B 06 82 06 76 06 24 06 5F 06 59 06 72 06 56 06 46 06 66 06 57 06 39 06 24 06 30 06
1B 06 73 06 76 06 31 06 2B 06 23 06 30 06 26 06 6F 06 57 06 28 06 0F 06 0B 06 30 06 15 06 14 06
1A 06 11 06 0D 06 0F 06 18 06 1D 06 1B 06 42 06 1D 06 37 06 47 06 57 06 4B 06 3C 06 42 06 56 06
4C 06 3F 06 00 06 41 06 48 06 49 06 47 06 47 06 47 06 0A 06 23 06 40 06 43 06 42 06 38 06 3D 06
04 06 3A 06 36 06 42 06 37 06 22 06 22 06 2A 06 20 06 09 06 05 06 15 06 40 06 0F 06 13 06 11 06
11 06 4D 06 07 06 0F 06 09 06 19 06 47 06 17 06 19 06 21 06 10 06 17 06 54 06 1C 06 01 06 0F 06
15 06 24 06 28 06 28 06 33 06 29 06 1F 06 2E 06 43 06 3F 06 4B 06 5A 06 66 06 2D 06 6E 06 56 06
70 06 64 06 2F 06 62 06 6A 06 73 06 6B 06 27 06 66 06 59 06 63 06 73 06 5A 06 24 06 73 06 7B 06
76 06 83 06 82 06 97 06 72 06 66 06 50 06 4D 06 49 06 32 06 2D 06 34 06 31 06 41 06 82 06 33 06
37 06 35 06 F0 05 50 06 37 06 34 06 37 06 3F 06 8E 06 64 06 44 06 3C 06 39 06 43 06 73 06 48 06
39 06 3D 06 3F 06 23 06 3E 06 42 06 3F 06 3F 06 72 06 4A 06 4C 06 4C 06 20 06 62 06 5E 06 78 06
25 06 60 06 6B 06 60 06 59 06 68 06 28 06 42 06 53 06 48 06 5B 06 57 06 73 06 66 06 53 06 5F 06
57 06 57 06 6D 06 6C 06 54 06 54 06 4D 06 8C 06 45 06 45 06 43 06 43 06 76 06 72 06 34 06 33 06
50 06 2C 06 75 06 3C 06 30 06 3B 06 30 06 4C 06 37 06 4D 06 47 06 4F 06 4C 06 34 06 5D 06 34 06
3D 06 56 06 61 06 43 06 67 06 7A 06 72 06 8A 06 3D 06 6C 06 74 06 6C 06 76 06 47 06 3B 06 76 06
88 06 98 06 8B 06 49 06 6E 06 7F 06 7A 06 6B 06 7A 06 7A 06 83 06 7F 06 66 06 74 06 66 06 6A 06
64 06 64 06 4C 06 5D 06 89 06 44 06 31 06 37 06 31 06 75 06 31 06 41 06 23 06 33 06 83 06 7E 06
44 06 3E 06 3F 06 20 06 78 06 2C 06 2C 06 2F 06 33 06 2C 06 65 06 33 06 29 06 31 06 47 06 4F 06
44 06 48 06 77 06 72 06 6A 06 72 06 78 06 54 06 56 06 6E 06 66 06 60 06 27 06 4B 06 6A 06 65 06
83 06 88 06 7A 06 50 06 6D 06 6B 06 7B 06 5E 06 54 06 5E 06 66 06 56 06 66 06 46 06 59 06 50 06
44 06 23 06 0F 06 49 06 29 06 2B 06 2B 06 35 06 61 06 2F 06 1A 06 1A 06 17 06 2C 06 2A 06 65 06
1D 06 20 06 14 06 16 06 25 06 33 06 27 06 15 06 38 06 4B 06 41 06 3D 06 50 06 6F 06 4D 06 4F 06
6A 06 6A 06 6E 06 72 06 59 06 8C 06 7E 06 88 06 69 06 51 06 5D 06 81 06 8E 06 80 06 78 06 7D 06
4C 06 84 06 67 06 70 06 8A 06 7A 06 53 06 5B 06 57 06 46 06 46 06 4C 06 68 06 1D 06 FB 05 09 06
0C 06 0D 06 21 06 5C 06 21 06 25 06 2A 06 29 06 13 06 46 06 FC 05 FF 05 0D 06 F2 05 04 06 1C 06
20 06 0D 06 0B 06 09 06 F5 05 1D 06 E3 05 E8 05 07 06 F9 05 2A 06 0B 06 39 06 3A 06 2A 06 35 06
F9 05 26 06 0A 06 32 06 32 06 2D 06 10 06 56 06 38 06 4A 06 40 06 2D 06 37 06 62 06 67 06 52 06
5A 06 76 06 CD 05 22 06 4E 06 47 06 43 06 42 06 5E 06 52 06 40 06 5B 06 45 06 43 06 68 06 69 06
33 06 27 06 29 06 5B 06 FF 05 15 06 27 06 35 06 52 06 2C 06 56 06 24 06 E7 05 24 06 14 06 2D 06
37 06 2F 06 2F 06 1D 06 62 06 31 06 43 06 4B 06 40 06 53 06 4E 06 6A 06 47 06 52 06 4A 06 54 06
4F 06 28 06 45 06 58 06 59 06 56 06 4E 06 1F 06 42 06 68 06 5D 06 5B 06 66 06 43 06 46 06 48 06
52 06 5A 06 40 06 3E 06 0C 06 36 06 36 06 24 06 2C 06 16 06 0D 06 1D 06 09 06 11 06 F0 05 13 06
4B 06 33 06 1C 06 F5 05 11 06 02 06 0E 06 48 06 03 06 F1 05 FC 05 FF 05 05 06 05 06 4D 06 2F 06
07 06 2C 06 29 06 25 06 19 06 3F 06 29 06 41 06 4B 06 4E 06 56 06 54 06 52 06 68 06 80 06 0C 06
56 06 59 06 69 06 67 06 24 06 61 06 72 06 6D 06 7D 06 72 06 2C 06 7A 06 63 06 72 06 5B 06 5C 06
57 06 64 06 64 06 5A 06 78 06 4C 06 48 06 51 06 41 06 29 06 34 06 7F 06 33 06 47 06 2F 06 44 06
72 06 27 06 36 06 2C 06 32 06 78 06 42 06 3C 06 46 06 3C 06 52 06 8A 06 3F 06 3C 06 58 06 4C 06
33 06 3F 06 3D 06 5A 06 48 06 6F 06 69 06 67 06 72 06 72 06 7E 06 86 06 5C 06 7F 06 92 06 8C 06
8C 06 55 06 77 06 84 06 88 06 78 06 3A 06 6F 06 88 06 91 06 88 06 72 06 98 06 82 06 7F 06 6B 06
6E 06 70 06 88 06 5D 06 45 06 43 06 31 06 40 06 57 06 39 06 35 06 31 06 41 06 7B 06 49 06 4B 06
30 06 36 06 6E 06 27 06 37 06 2C 06 74 06 54 06 4B 06 4F 06 61 06 5C 06 61 06 61 06 79 06 79 06
6B 06 73 06 46 06 4D 06 82 06 82 06 82 06 92 06 82 06 83 06 6C 06 76 06 8F 06 85 06 8E 06 5B 06
8C 06 89 06 7D 06 7F 06 7E 06 53 06 72 06 78 06 86 06 82 06 76 06 97 06 92 06 90 06 6E 06 64 06
54 06 7E 06 5B 06 45 06 45 06 4C 06 86 06 45 06 31 06 25 06 2F 06 58 06 70 06 29 06 38 06 3C 06
3A 06 77 06 47 06 34 06 2C 06 2C 06 43 06 2F 06 33 06 34 06 2D 06 2B 06 4B 06 49 06 48 06 4B 06
3F 06 57 06 D8 05 2E 06 5A 06 4C 06 4E 06 24 06 6C 06 58 06 59 06 23 06 44 06 4D 06 38 06 5A 06
43 06 11 06 41 06 45 06 3F 06 53 06 32 06 36 06 68 06 34 06 52 06 2E 06 EA 05 1E 06 19 06 0D 06
1E 06 15 06 1C 06 11 06 1B 06 39 06 23 06 17 06 1F 06 0F 06 1B 06 08 06 0F 06 17 06 3C 06 0F 06
F9 05 EC 05 F5 05 22 06 FB 05 F3 05 F7 05 F8 05 F7 05 12 06 27 06 32 06 4F 06 4B 06 53 06 21 06
64 06 56 06 44 06 4A 06 06 06 46 06 44 06 6C 06 74 06 27 06 6F 06 63 06 5F 06 76 06 2B 06 58 06
8B 06 80 06 8B 06 68 06 2C 06 5E 06 6A 06 5B 06 67 06 6A 06 4E 06 5C 06 4C 06 35 06 30 06 6B 06
2F 06 29 06 1F 06 33 06 3D 06 88 06 2B 06 2D 06 30 06 1C 06 5C 06 2C 06 20 06 07 06 24 06 6A 06
29 06 0F 06 FD 05 07 06 15 06 3B 06 F9 05 01 06 15 06 19 06 F3 05 33 06 3F 06 42 06 36 06 32 06
2A 06 F3 05 36 06 20 06 28 06 29 06 33 06 46 06 FB 05 3B 06 53 06 32 06 3A 06 23 06 47 06 5E 06
50 06 48 06 47 06 4A 06 3E 06 3F 06 22 06 2E 06 24 06 26 06 10 06 20 06 09 06 18 06 1D 06 18 06
4A 06 0F 06 1B 06 17 06 11 06 17 06 1A 06 5B 06 24 06 2F 06 26 06 2B 06 54 06 34 06 27 06 29 06
29 06 72 06 33 06 3B 06 49 06 41 06 35 06 38 06 59 06 5B 06 7A 06 72 06 39 06 7A 06 60 06 60 06
6A 06 62 06 67 06 47 06 76 06 76 06 6E 06 8C 06 8A 06 7F 06 39 06 7A 06 71 06 73 06 73 06 6A 06
82 06 70 06 6C 06 70 06 5C 06 31 06 48 06 4C 06 54 06 29 06 28 06 6F 06 40 06 4B 06 49 06 45 06
72 06 39 06 39 06 2D 06 24 06 34 06 72 06 29 06 3D 06 41 06 44 06 53 06 35 06 2D 06 3D 06 2F 06
45 06 21 06 2D 06 3B 06 32 06 4A 06 41 06 30 06 4B 06 56 06 5A 06 62 06 2B 06 62 06 68 06 68 06
5F 06 2E 06 60 06 60 06 6D 06 78 06 78 06 53 06 7E 06 78 06 81 06 73 06 82 06 76 06 86 06 8C 06
85 06 62 06 76 06 54 06 6C 06 50 06 55 06 4C 06 40 06 4D 06 55 06 4B 06 41 06 43 06 47 06 86 06
77 06 3F 06 F8 05 24 06 4D 06 86 06 37 06 3C 06 3C 06 3D 06 35 06 30 06 37 06 24 06 29 06 38 06
2B 06 53 06 4F 06 59 06 59 06 3D 06 1D 06 5E 06 A2 06 68 06 4D 06 39 06 32 06 78 06 6F 06 77 06
7E 06 4F 06 7D 06 5F 06 8B 06 83 06 87 06 40 06 86 06 7B 06 72 06 7C 06 5D 06 4D 06 20 06 4A 06
50 06 34 06 44 06 61 06 27 06 18 06 13 06 1F 06 25 06 23 06 6B 06 31 06 25 06 1E 06 5E 06 24 06
26 06 24 06 17 06 07 06 47 06 17 06 0C 06 15 06 01 06 17 06 4C 06 14 06 1D 06 18 06 23 06 37 06
32 06 4B 06 4B 06 5A 06 66 06 66 06 34 06 62 06 60 06 72 06 55 06 5D 06 27 06 62 06 5B 06 58 06
58 06 58 06 21 06 4E 06 69 06 53 06 63 06 66 06 6A 06 1C 06 19 06 47 06 52 06 3E 06 40 06 2E 06
0F 06 2B 06 2D 06 26 06 2F 06 21 06 47 06 29 06 25 06 0E 06 1B 06 09 06 5A 06 10 06 2A 06 2C 06
07 06 4C 06 14 06 2C 06 20 06 0F 06 57 06 17 06 18 06 0D 06 23 06 10 06 3A 06 27 06 31 06 49 06
4A 06 52 06 46 06 5E 06 5C 06 4E 06 5A 06 42 06 03 06 54 06 4A 06 56 06 54 06 21 06 48 06 42 06
28 06 2F 06 27 06 38 06 28 06 43 06 30 06 FD 05 3A 06 33 06 24 06 1C 06 1C 06 FB 05 16 06 14 06
21 06 18 06 47 06 11 06 09 06 FB 05 01 06 04 06 FB 05 05 06 20 06 16 06 14 06 1A 06 17 06 42 06
07 06 14 06 0B 06 11 06 15 06 2B 06 35 06 48 06 29 06 2B 06 36 06 4B 06 0E 06 1A 06 42 06 3A 06
44 06 3E 06 38 06 2C 06 3E 06 4E 06 5D 06 4D 06 1C 06 33 06 5F 06 61 06 75 06 7B 06 82 06 51 06
80 06 7A 06 8B 06 82 06 8A 06 88 06 7A 06 7E 06 7E 06 6B 06 76 06 6C 06 72 06 68 06 64 06 85 06
5E 06 59 06 63 06 5D 06 96 06 76 06 33 06 34 06 26 06 2F 06 3C 06 66 06 3C 06 44 06 4F 06 40 06
4B 06 83 06 6D 06 34 06 31 06 49 06 47 06 75 06 49 06 43 06 67 06 86 06 34 06 56 06 72 06 46 06
66 06 60 06 5E 06 34 06 75 06 6B 06 6F 06 7C 06 49 06 79 06 74 06 68 06 73 06 0E 06 46 06 63 06
62 06 70 06 17 06 5B 06 52 06 46 06 46 06 46 06 5B 06 5F 06 31 06 29 06 2F 06 18 06 2A 06 4C 06
1A 06 35 06 1F 06 27 06 0B 06 1E 06 3F 06 20 06 61 06 23 06 44 06 4E 06 C6 05 0E 06 23 06 21 06
11 06 23 06 1B 06 2B 06 49 06 5D 06 58 06 4B 06 73 06 7F 06 76 06 8E 06 44 06 6E 06 60 06 62 06
66 06 64 06 49 06 7C 06 7D 06 83 06 8B 06 8B 06 7B 06 36 06 73 06 80 06 78 06 72 06 76 06 40 06
6A 06 74 06 6A 06 62 06 44 06 41 06 27 06 41 06 25 06 40 06 6D 06 45 06 43 06 3F 06 1C 06 24 06
17 06 4E 06 2C 06 36 06 34 06 34 06 46 06 25 06 31 06 2D 06 2F 06 3F 06 37 06 2F 06 24 06 28 06
56 06 27 06 2F 06 33 06 3B 06 38 06 4A 06 5A 06 5B 06 5E 06 52 06 10 06 46 06 3A 06 44 06 2C 06
FF 05 3E 06 40 06 4B 06 41 06 3B 06 36 06 1D 06 4B 06 3B 06 3F 06 49 06 4A 06 4C 06 4E 06 45 06
57 06 38 06 58 06 34 06 36 06 2D 06 2C 06 41 06 14 06 23 06 2B 06 33 06 6B 06 62 06 26 06 33 06
2A 06 33 06 32 06 79 06 3A 06 3B 06 36 06 4C 06 2D 06 33 06 5D 06 27 06 3C 06 48 06 41 06 35 06
6A 06 63 06 81 06 6F 06 6F 06 76 06 6F 06 6E 06 63 06 6C 06 5A 06 40 06 71 06 6F 06 73 06 7E 06
3F 06 71 06 78 06 70 06 6E 06 85 06 31 06 6B 06 6A 06 67 06 72 06 62 06 5F 06 53 06 3C 06 40 06
28 06 34 06 56 06 24 06 2C 06 23 06 29 06 4F 06 11 06 23 06 1B 06 07 06 53 06 1F 06 17 06 F6 05
11 06 5F 06 FF 05 FD 05 13 06 0C 06 19 06 5A 06 13 06 1C 06 15 06 21 06 05 06 0B 06 0D 06 19 06
2B 06 0C 06 2B 06 46 06 4A 06 4F 06 3E 06 4A 06 04 06 3A 06 3F 06 53 06 62 06 0F 06 58 06 54 06
4D 06 56 06 01 06 59 06 5D 06 63 06 63 06 56 06 28 06 5F 06 56 06 47 06 47 06 50 06 59 06 2C 06
26 06 15 06 10 06 1C 06 31 06 17 06 1F 06 0B 06 07 06 13 06 5B 06 16 06 1C 06 1F 06 24 06 01 06
30 06 11 06 FC 05 FD 05 15 06 13 06 5A 06 17 06 30 06 2F 06 39 06 37 06 13 06 3B 06 3F 06 59 06
4E 06 0A 06 08 06 26 06 42 06 4E 06 1D 06 07 06 58 06 4E 06 42 06 67 06 1B 06 40 06 4A 06 5B 06
57 06 42 06 59 06 43 06 5A 06 62 06 48 06 5C 06 83 06 47 06 54 06 26 06 CF 05 19 06 0D 06 14 06
19 06 1D 06 4B 06 1F 06 09 06 0D 06 23 06 4C 06 42 06 0E 06 24 06 07 06 1C 06 4F 06 14 06 07 06
F5 05 FE 05 05 06 07 06 01 06 19 06 01 06 09 06 18 06 3C 06 38 06 0B 06 17 06 17 06 3A 06 36 06
0E 06 48 06 36 06 51 06 4E 06 17 06 43 06 58 06 45 06 40 06 53 06 58 06 13 06 3B 06 53 06 58 06
5B 06 52 06 5E 06 17 06 67 06 56 06 63 06 56 06 58 06 4D 06 41 06 3D 06 57 06 41 06 41 06 61 06
29 06 31 06 3D 06 2F 06 70 06 23 06 41 06 37 06 6B 06 5D 06 3F 06 3F 06 4C 06 49 06 67 06 39 06
4B 06 37 06 38 06 49 06 3B 06 37 06 4B 06 5B 06 5B 06 81 06 67 06 3C 06 63 06 82 06 5E 06 6C 06
66 06 60 06 35 06 82 06 76 06 7E 06 78 06 41 06 88 06 8B 06 73 06 86 06 6F 06 8B 06 7B 06 90 06
76 06 67 06 63 06 70 06 67 06 4A 06 44 06 54 06 7F 06 8E 06 59 06 4C 06 3C 06 7B 06 67 06 2D 06
2D 06 23 06 3B 06 72 06 0F 06 48 06 26 06 3B 06 33 06 37 06 79 06 34 06 39 06 3F 06 47 06 40 06
4C 06 37 06 4D 06 3F 06 38 06 3E 06 27 06 2B 06 72 06 76 06 7A 06 31 06 68 06 56 06 56 06 6C 06
6A 06 4D 06 7D 06 97 06 9F 06 A8 06 AE 06 6E 06 A6 06 9E 06 98 06 B0 06 57 06 9A 06 9F 06 96 06
87 06 7E 06 39 06 78 06 64 06 64 06 57 06 8F 06 58 06 45 06 47 06 5B 06 83 06 5B 06 45 06 59 06
4E 06 5A 06 3E 06 8C 06 3B 06 39 06 35 06 30 06 4C 06 27 06 2F 06 33 06 21 06 61 06 53 06 43 06
41 06 62 06 68 06 4A 06 6B 06 51 06 67 06 5A 06 25 06 1D 06 42 06 3E 06 3E 06 2F 06 4A 06 F0 05
33 06 3A 06 3B 06 48 06 39 06 4E 06 03 06 48 06 31 06 43 06 42 06 46 06 40 06 37 06 30 06 2E 06
1C 06 FD 05 04 06 25 06 18 06 15 06 10 06 62 06 29 06 33 06 2D 06 2F 06 5B 06 1D 06 1B 06 0C 06
1C 06 14 06 09 06 EB 05 27 06 0C 06 14 06 28 06 23 06 15 06 0F 06 18 06 0D 06 4C 06 39 06 3D 06
5A 06 69 06 53 06 37 06 62 06 5E 06 4A 06 56 06 4C 06 60 06 6E 06 5A 06 15 06 2B 06 6D 06 5B 06
6F 06 7A 06 8A 06 2C 06 78 06 79 06 73 06 71 06 62 06 66 06 66 06 5B 06 52 06 64 06 5A 06 3C 06
4C 06 37 06 3C 06 35 06 6B 06 34 06 33 06 29 06 1D 06 51 06 0F 06 07 06 16 06 02 06 4A 06 13 06
1D 06 1D 06 14 06 04 06 2B 06 0D 06 0B 06 15 06 1C 06 15 06 1B 06 29 06 36 06 23 06 43 06 3B 06
44 06 5A 06 4F 06 6A 06 64 06 5E 06 24 06 64 06 5C 06 63 06 5C 06 60 06 21 06 51 06 59 06 48 06
4B 06 47 06 5A 06 3F 06 4B 06 50 06 3A 06 4C 06 3A 06 27 06 3A 06 1E 06 1C 06 38 06 28 06 31 06
39 06 2D 06 60 06 63 06 23 06 25 06 21 06 2B 06 4E 06 1F 06 11 06 0E 06 03 06 06 06 49 06 13 06
24 06 34 06 20 06 39 06 70 06 36 06 39 06 39 06 43 06 43 06 59 06 83 06 6F 06 63 06 6B 06 76 06
2E 06 34 06 68 06 60 06 76 06 6C 06 78 06 2F 06 6E 06 6B 06 73 06 71 06 3F 06 73 06 6C 06 7F 06
80 06 2B 06 7E 06 76 06 86 06 75 06 84 06 3D 06 87 06 64 06 5E 06 64 06 8F 06 57 06 51 06 59 06
5F 06 51 06 4F 06 82 06 4C 06 47 06 43 06 32 06 7D 06 3E 06 47 06 31 06 20 06 34 06 20 06 0E 06
1F 06 0B 06 62 06 24 06 29 06 31 06 38 06 31 06 63 06 49 06 41 06 43 06 52 06 0A 06 14 06 5C 06
3F 06 46 06 4F 06 48 06 1F 06 5C 06 61 06 5B 06 59 06 58 06 1F 06 69 06 6B 06 72 06 5D 06 73 06
6E 06 6A 06 5E 06 62 06 67 06 46 06 53 06 43 06 5E 06 44 06 41 06 24 06 2C 06 4F 06 70 06 31 06
35 06 3F 06 23 06 2E 06 27 06 1E 06 2E 06 2E 06 2F 06 5E 06 25 06 30 06 30 06 3D 06 40 06 38 06
2F 06 3C 06 44 06 49 06 5E 06 49 06 63 06 6B 06 83 06 87 06 8E 06 9E 06 92 06 9A 06 8E 06 55 06
64 06 98 06 95 06 7F 06 87 06 78 06 51 06 7C 06 7B 06 87 06 7B 06 78 06 53 06 7F 06 82 06 7E 06
7A 06 6D 06 22 06 68 06 6C 06 66 06 6C 06 8B 06 53 06 45 06 4B 06 41 06 31 06 27 06 68 06 29 06
25 06 2B 06 33 06 69 06 24 06 27 06 0A 06 0B 06 7E 06 06 06 1C 06 F1 05 95 05 F7 05 39 06 F0 05
08 06 19 06 0A 06 22 06 2B 06 32 06 2E 06 42 06 3A 06 58 06 5E 06 16 06 42 06 3C 06 51 06 4F 06
3F 06 24 06 23 06 40 06 4F 06 59 06 46 06 5A 06 0B 06 45 06 51 06 57 06 5B 06 4B 06 54 06 50 06
46 06 34 06 38 06 26 06 14 06 1B 06 24 06 6A 06 21 06 24 06 17 06 1F 06 5E 06 52 06 29 06 1F 06
14 06 32 06 5B 06 3A 06 27 06 3B 06 24 06 1C 06 2C 06 21 06 37 06 27 06 34 06 4D 06 2F 06 31 06
23 06 43 06 33 06 23 06 5A 06 67 06 6A 06 63 06 31 06 2C 06 72 06 64 06 69 06 31 06 37 06 5E 06
68 06 61 06 5F 06 29 06 53 06 56 06 6A 06 51 06 46 06 46 06 42 06 44 06 56 06 6A 06 53 06 40 06
2C 06 30 06 30 06 1D 06 64 06 1D 06 24 06 11 06 0F 06 3A 06 07 06 1F 06 FF 05 13 06 FD 05 4D 06
10 06 17 06 11 06 2D 06 3C 06 28 06 1F 06 1B 06 18 06 20 06 38 06 70 06 41 06 49 06 53 06 52 06
59 06 2A 06 3F 06 4F 06 5E 06 5E 06 6E 06 20 06 41 06 7E 06 7F 06 85 06 88 06 76 06 29 06 5F 06
78 06 6B 06 7A 06 5B 06 89 06 70 06 83 06 6E 06 6E 06 6B 06 63 06 76 06 6A 06 71 06 99 06 6C 06
65 06 54 06 49 06 5F 06 51 06 63 06 57 06 5F 06 B0 06 5B 06 57 06 41 06 4E 06 7F 06 2C 06 2B 06
27 06 2D 06 37 06 45 06 41 06 35 06 3C 06 3C 06 30 06 33 06 29 06 3B 06 33 06 47 06 27 06 2B 06
53 06 5E 06 5A 06 5B 06 1D 06 52 06 56 06 5C 06 53 06 25 06 6F 06 5D 06 59 06 42 06 43 06 46 06
FA 05 3A 06 48 06 50 06 4A 06 4A 06 3A 06 09 06 2F 06 26 06 0E 06 04 06 44 06 41 06 11 06 14 06
09 06 17 06 EB 05 11 06 43 06 03 06 02 06 17 06 22 06 20 06 5F 06 20 06 23 06 10 06 07 06 1C 06
0C 06 27 06 1D 06 2F 06 29 06 2C 06 39 06 38 06 2B 06 3A 06 4E 06 27 06 59 06 5B 06 62 06 24 06
61 06 5A 06 06 06 4A 06 60 06 25 06 72 06 72 06 6B 06 80 06 80 06 4B 06 5B 06 5F 06 68 06 61 06
78 06 72 06 2C 06 75 06 52 06 4B 06 4E 06 3E 06 8C 06 0F 06 4C 06 19 06 C6 05 43 06 25 06 19 06
37 06 4D 06 62 06 47 06 34 06 27 06 46 06 64 06 2C 06 2C 06 1B 06 33 06 2C 06 12 06 16 06 19 06
0F 06 21 06 38 06 62 06 1B 06 37 06 37 06 3E 06 30 06 3B 06 16 06 23 06 22 06 2E 06 2A 06 E5 05
3A 06 3C 06 38 06 45 06 34 06 42 06 1D 06 44 06 36 06 36 06 37 06 13 06 4F 06 5C 06 5B 06 5F 06
0D 06 62 06 61 06 62 06 5E 06 7E 06 77 06 4C 06 35 06 45 06 39 06 73 06 33 06 1B 06 33 06 2D 06
33 06 37 06 5A 06 3C 06 2B 06 37 06 14 06 FB 05 6C 06 3E 06 27 06 2E 06 26 06 19 06 29 06 05 06
1C 06 29 06 29 06 25 06 55 06 4F 06 57 06 5B 06 5B 06 6E 06 31 06 86 06 7B 06 82 06 70 06 6D 06
9D 06 A4 06 AB 06 96 06 64 06 71 06 A4 06 A6 06 9A 06 97 06 57 06 8B 06 8A 06 92 06 86 06 9A 06
82 06 74 06 87 06 6C 06 64 06 5E 06 66 06 66 06 61 06 50 06 41 06 3F 06 33 06 69 06 47 06 4C 06
63 06 50 06 8C 06 5C 06 4A 06 47 06 41 06 2F 06 38 06 88 06 5D 06 47 06 54 06 35 06 39 06 39 06
78 06 51 06 43 06 36 06 33 06 22 06 4E 06 56 06 5F 06 58 06 58 06 64 06 24 06 59 06 5C 06 58 06
6B 06 30 06 62 06 83 06 83 06 6E 06 23 06 57 06 80 06 76 06 7A 06 7A 06 2C 06 67 06 5E 06 56 06
52 06 6C 06 5D 06 44 06 20 06 39 06 2D 06 2E 06 60 06 62 06 33 06 2D 06 2D 06 1F 06 2E 06 2B 06
3C 06 3F 06 4F 06 31 06 46 06 31 06 27 06 24 06 23 06 21 06 40 06 49 06 50 06 53 06 49 06 49 06
3B 06 5B 06 65 06 53 06 77 06 40 06 81 06 68 06 6A 06 6E 06 2F 06 49 06 6F 06 77 06 5A 06 6E 06
38 06 53 06 5B 06 5F 06 6E 06 5F 06 53 06 0C 06 4A 06 53 06 5A 06 45 06 5E 06 3F 06 1E 06 24 06
2C 06 48 06 11 06 0B 06 F8 05 05 06 1E 06 ED 05 F1 05 D9 05 F1 05 36 06 2C 06 E7 05 EC 05 EA 05
05 06 17 06 93 05 D4 05 E4 05 EF 05 E7 05 E5 05 23 06 E8 05 E9 05 F9 05 E1 05 ED 05 F6 05 0F 06
0F 06 20 06 DE 05 43 06 34 06 3E 06 2A 06 1B 06 7E 06 3F 06 6B 06 3E 06 CB 05 F9 05 38 06 53 06
4A 06 41 06 39 06 4D 06 56 06 62 06 4A 06 50 06 57 06 13 06 52 06 54 06 6C 06 58 06 3F 06 6A 06
52 06 34 06 44 06 40 06 3B 06 6F 06 3B 06 3B 06 31 06 49 06 92 06 44 06 44 06 36 06 35 06 27 06
34 06 48 06 28 06 2F 06 17 06 1C 06 19 06 1D 06 21 06 19 06 2F 06 2E 06 29 06 3B 06 56 06 43 06
2B 06 49 06 52 06 5C 06 42 06 3C 06 19 06 13 06 32 06 40 06 52 06 21 06 69 06 60 06 73 06 77 06
7B 06 85 06 76 06 8A 06 96 06 89 06 77 06 76 06 77 06 76 06 5C 06 64 06 57 06 75 06 30 06 44 06
45 06 41 06 63 06 27 06 27 06 19 06 11 06 56 06 1E 06 0C 06 0F 06 05 06 11 06 0B 06 6A 06 10 06
FC 05 11 06 03 06 28 06 1C 06 25 06 41 06 31 06 3F 06 41 06 22 06 6B 06 67 06 6E 06 82 06 86 06
6F 06 31 06 7E 06 78 06 68 06 88 06 37 06 73 06 93 06 7B 06 7B 06 2D 06 6D 06 72 06 6B 06 63 06
43 06 EC 05 43 06 47 06 4D 06 42 06 64 06 7B 06 4E 06 34 06 30 06 4C 06 32 06 48 06 3D 06 31 06
43 06 3D 06 78 06 3D 06 26 06 1B 06 2A 06 53 06 26 06 3B 06 41 06 37 06 75 06 7A 06 25 06 34 06
2D 06 39 06 33 06 38 06 39 06 49 06 3E 06 31 06 31 06 50 06 56 06 68 06 63 06 58 06 49 06 76 06
66 06 75 06 68 06 6D 06 0E 06 4F 06 51 06 38 06 40 06 4B 06 F7 05 45 06 43 06 43 06 43 06 37 06
37 06 23 06 27 06 0E 06 2C 06 24 06 4F 06 04 06 0D 06 00 06 08 06 46 06 05 06 FD 05 FF 05 19 06
5D 06 66 06 1B 06 27 06 34 06 2C 06 7A 06 17 06 0D 06 20 06 0C 06 35 06 13 06 FD 05 ED 05 E9 05
F9 05 0B 06 32 06 08 06 2E 06 51 06 47 06 43 06 43 06 56 06 5E 06 58 06 56 06 6C 06 1C 06 F1 05
6D 06 FD 05 66 06 ED 06 77 09 03 09 C8 08 A3 09 03 08 38 06 3F 06 F0 05 72 02 A2 02 85 02 39 02
B0 02 A2 02 0E 03 4E 04 40 06 32 08 C9 08 D4 09 9B 0A 33 0A 3B 0A 56 0A 07 09 0A 08 90 07 5A 07
30 06 D4 05 D4 05 53 05 35 05 07 05 CC 04 2C 04 80 04 6F 04 33 04 54 04 20 04 99 04 E9 04 28 05
17 06 64 06 FB 06 93 07 07 08 D2 07 6C 07 5A 07 52 07 F6 06 2C 06 2E 06 C8 05 8D 05 E0 05 9A 05
7C 05 67 06 8D 06 E2 06 0B 07 1F 07 4B 07 E9 06 37 07 E6 06 B6 06 52 06 EE 05 87 05 7C 05 47 05
1E 05 E7 05 37 06 79 06 B9 06 A5 06 23 07 C5 06 D1 06 B5 06 8B 06 CB 06 D0 06 5E 06 95 06 60 06
0E 06 06 06 E1 05 A6 05 37 05 7C 05 AF 05 A3 05 F7 05 09 06 C7 05 18 06 48 06 39 06 30 06 6E 06
BD 06 B9 06 C2 06 12 07 AB 06 0A 07 E2 06 96 06 B2 06 62 06 7F 06 49 06 77 06 63 06 A3 06 9B 06
83 06 C3 06 90 06 6B 06 8E 06 7F 06 AA 06 77 06 56 06 39 06 F8 05 D1 05 12 06 14 06 44 06 44 06
6E 06 93 06 7D 06 75 06 4D 06 43 06 4B 06 60 06 31 06 59 06 55 06 7D 06 7C 06 6C 06 A6 06 4B 06
27 06 EE 05 D7 05 FC 05 D9 05 E5 05 F5 05 D9 05 ED 05 E1 05 3C 06 11 06 17 06 52 06 6D 06 7C 06
E2 06 F7 06 06 07 16 07 BF 06 06 07 BE 06 C1 06 C8 06 23 06 35 06 3F 06 F9 05 2D 06 FB 05 D8 05
0F 06 D8 05 1F 06 13 06 10 06 4A 06 22 06 07 06 22 06 1E 06 34 06 68 06 65 06 67 06 8C 06 89 06
CB 06 95 06 A4 06 AD 06 9B 06 B8 06 75 06 53 06 29 06 2A 06 2E 06 38 06 E1 05 D1 05 E7 05 F0 05
EC 05 E9 05 E9 05 00 06 09 06 17 06 31 06 2D 06 3A 06 47 06 72 06 89 06 53 06 A3 06 A7 06 A2 06
AE 06 5B 06 A0 06 86 06 AA 06 A3 06 51 06 98 06 73 06 6B 06 5B 06 37 06 0E 06 57 06 4C 06 59 06
5B 06 3E 06 62 06 62 06 55 06 6E 06 4D 06 46 06 39 06 54 06 60 06 3E 06 2F 06 6F 06 28 06 26 06
30 06 41 06 83 06 40 06 4D 06 3B 06 28 06 56 06 11 06 FE 05 F2 05 FB 05 37 06 0E 06 1C 06 1B 06
2F 06 39 06 41 06 2C 06 39 06 09 06 11 06 33 06 23 06 4C 06 43 06 4B 06 4E 06 5C 06 5F 06 5C 06
90 06 AA 06 94 06 B8 06 C7 06 7C 06 A3 06 9D 06 89 06 6F 06 2A 06 47 06 32 06 25 06 13 06 16 06
26 06 3F 06 51 06 36 06 4E 06 3E 06 48 06 34 06 6D 06 33 06 51 06 7A 06 5B 06 53 06 83 06 9B 06
AF 06 E8 06 A3 06 7B 06 73 06 66 06 67 06 1F 06 F1 05 F3 05 E0 05 F5 05 C3 05 CB 05 EB 05 DF 05
0D 06 F8 05 FB 05 02 06 0B 06 33 06 59 06 5E 06 B7 06 CA 06 EE 06 EA 06 B1 06 AF 06 E0 06 CE 06
A4 06 36 06 50 06 2A 06 1E 06 18 06 0D 06 F7 05 26 06 40 06 4B 06 59 06 6A 06 8A 06 54 06 7A 06
81 06 72 06 83 06 6C 06 74 06 4C 06 63 06 47 06 54 06 5C 06 71 06 4A 06 3B 06 4D 06 3D 06 13 06
1D 06 32 06 F1 05 FC 05 F4 05 FF 05 3B 06 0E 06 2C 06 1D 06 1D 06 62 06 2C 06 48 06 39 06 48 06
43 06 80 06 4E 06 69 06 57 06 5E 06 22 06 56 06 4A 06 3F 06 34 06 0C 06 09 06 3F 06 45 06 4F 06
57 06 6E 06 31 06 6F 06 73 06 83 06 82 06 53 06 55 06 4A 06 4B 06 3E 06 0D 06 4A 06 33 06 43 06
42 06 40 06 34 06 4C 06 65 06 65 06 69 06 98 06 98 06 47 06 59 06 3B 06 37 06 34 06 60 06 23 06
27 06 19 06 1E 06 27 06 84 06 60 06 56 06 6D 06 71 06 53 06 5C 06 47 06 35 06 31 06 21 06 25 06
4C 06 39 06 47 06 56 06 57 06 76 06 3D 06 7A 06 77 06 80 06 8A 06 47 06 79 06 6B 06 77 06 67 06
2C 06 39 06 5B 06 47 06 4B 06 45 06 FC 05 37 06 3A 06 32 06 3D 06 42 06 45 06 40 06 4C 06 54 06
73 06 5E 06 55 06 60 06 6F 06 6B 06 5F 06 83 06 3D 06 29 06 23 06 07 06 36 06 EC 05 DC 05 E7 05
E3 05 32 06 0E 06 FE 05 20 06 23 06 45 06 5D 06 55 06 79 06 85 06 79 06 67 06 50 06 67 06 61 06
59 06 53 06 52 06 1D 06 31 06 58 06 4E 06 54 06 62 06 6C 06 2D 06 75 06 7B 06 6B 06 69 06 39 06
72 06 6A 06 62 06 52 06 73 06 72 06 2D 06 7A 06 86 06 A7 06 A7 06 AE 06 96 06 6F 06 89 06 75 06
53 06 44 06 6F 06 23 06 2F 06 21 06 1F 06 1F 06 0F 06 62 06 0C 06 06 06 16 06 16 06 4A 06 24 06
17 06 17 06 FC 05 80 06 40 06 23 06 1F 06 21 06 0D 06 28 06 1D 06 3F 06 3C 06 3C 06 39 06 5B 06
4E 06 4B 06 3C 06 52 06 54 06 4F 06 4A 06 0D 06 1D 06 4C 06 4D 06 49 06 3B 06 43 06 07 06 3A 06
36 06 47 06 4B 06 4A 06 36 06 4D 06 52 06 3C 06 1B 06 17 06 26 06 32 06 1C 06 04 06 10 06 15 06
22 06 4B 06 18 06 0B 06 F7 05 FD 05 33 06 F3 05 FA 05 ED 05 E3 05 2F 06 F0 05 E5 05 FF 05 F5 05
39 06 19 06 13 06 0B 06 14 06 24 06 5B 06 09 06 1B 06 2F 06 17 06 FB 05 25 06 42 06 42 06 5A 06
21 06 64 06 5E 06 56 06 64 06 54 06 64 06 21 06 6A 06 6A 06 79 06 78 06 49 06 82 06 63 06 7B 06
73 06 1D 06 5A 06 5E 06 56 06 4C 06 47 06 0F 06 42 06 2C 06 24 06 21 06 57 06 24 06 1D 06 2C 06
25 06 13 06 07 06 36 06 F8 05 F2 05 E9 05 F7 05 EA 05 F9 05 2C 06 F5 05 F1 05 F2 05 EC 05 FB 05
EB 05 E1 05 FC 05 F8 05 0B 06 0D 06 21 06 1B 06 27 06 2B 06 21 06 FC 05 22 06 24 06 20 06 3A 06
07 06 34 06 34 06 39 06 38 06 44 06 06 06 3C 06 40 06 48 06 48 06 1A 06 3A 06 5A 06 50 06 43 06
36 06 27 06 65 06 2C 06 3E 06 14 06 26 06 41 06 20 06 10 06 08 06 08 06 4B 06 09 06 11 06 19 06
1F 06 52 06 1F 06 33 06 25 06 06 06 FE 05 2F 06 F0 05 03 06 60 06 24 06 49 06 29 06 CF 05 2C 06
21 06 11 06 21 06 33 06 37 06 33 06 43 06 61 06 10 06 60 06 5B 06 5E 06 5F 06 0B 06 4E 06 56 06
53 06 5F 06 2B 06 58 06 5A 06 58 06 49 06 42 06 0F 06 42 06 5E 06 53 06 5D 06 36 06 33 06 5A 06
44 06 3E 06 43 06 32 06 21 06 25 06 2B 06 29 06 27 06 24 06 53 06 20 06 19 06 21 06 29 06 1D 06
76 06 63 06 2B 06 3F 06 26 06 27 06 62 06 37 06 27 06 2C 06 16 06 1C 06 21 06 1D 06 14 06 21 06
21 06 14 06 2B 06 33 06 43 06 55 06 2C 06 2E 06 5E 06 6A 06 63 06 5A 06 1F 06 6C 06 5C 06 61 06
53 06 29 06 64 06 68 06 59 06 66 06 76 06 4F 06 24 06 67 06 73 06 72 06 82 06 7E 06 73 06 26 06
5A 06 5E 06 34 06 34 06 66 06 7A 06 39 06 40 06 49 06 3B 06 47 06 93 06 4B 06 3F 06 46 06 50 06
8C 06 54 06 4C 06 63 06 5B 06 92 06 44 06 34 06 4E 06 47 06 4B 06 91 06 48 06 51 06 68 06 69 06
4B 06 71 06 6F 06 57 06 77 06 6E 06 6E 06 50 06 82 06 86 06 8C 06 88 06 9C 06 50 06 A4 06 8A 06
8F 06 AD 06 8F 06 7A 06 8F 06 88 06 93 06 8B 06 90 06 92 06 58 06 A5 06 87 06 87 06 74 06 74 06
6C 06 47 06 41 06 43 06 43 06 2D 06 7D 06 57 06 51 06 4D 06 4B 06 56 06 7A 06 5B 06 4C 06 6A 06
53 06 63 06 7C 06 5B 06 60 06 64 06 3F 06 86 06 54 06 4F 06 69 06 5D 06 61 06 4F 06 62 06 7B 06
63 06 6A 06 34 06 62 06 72 06 72 06 70 06 24 06 60 06 6A 06 62 06 6E 06 6F 06 6D 06 41 06 78 06
75 06 7F 06 87 06 5F 06 70 06 80 06 77 06 76 06 48 06 70 06 6A 06 64 06 54 06 8B 06 48 06 67 06
61 06 49 06 4D 06 71 06 49 06 49 06 5B 06 5E 06 4D 06 55 06 78 06 4E 06 4F 06 5C 06 6B 06 67 06
81 06 55 06 54 06 4B 06 4F 06 4F 06 40 06 58 06 63 06 71 06 59 06 60 06 51 06 81 06 81 06 7E 06
82 06 B6 06 65 06 76 06 8C 06 86 06 84 06 4B 06 7A 06 77 06 66 06 6B 06 2F 06 37 06 6E 06 82 06
73 06 8B 06 41 06 7B 06 86 06 76 06 66 06 64 06 09 06 4E 06 68 06 3C 06 60 06 36 06 FF 05 4C 06
31 06 25 06 27 06 29 06 2C 06 4A 06 21 06 29 06 14 06 1C 06 44 06 1B 06 17 06 17 06 06 06 04 06
0F 06 0D 06 19 06 10 06 14 06 0D 06 0D 06 21 06 47 06 27 06 3B 06 20 06 1B 06 4E 06 4E 06 5E 06
5A 06 1C 06 58 06 54 06 58 06 58 06 0F 06 2A 06 56 06 34 06 3A 06 1E 06 4E 06 3A 06 3A 06 53 06
00 06 50 06 46 06 3E 06 33 06 35 06 0D 06 20 06 1C 06 14 06 24 06 25 06 66 06 34 06 29 06 27 06
1F 06 1F 06 44 06 17 06 05 06 0C 06 0E 06 52 06 16 06 19 06 07 06 01 06 04 06 0C 06 1C 06 07 06
FD 05 08 06 0C 06 11 06 0F 06 29 06 29 06 33 06 FF 05 3B 06 36 06 4B 06 46 06 23 06 4E 06 4A 06
60 06 3E 06 4A 06 17 06 48 06 49 06 47 06 40 06 45 06 04 06 47 06 40 06 33 06 4B 06 3A 06 14 06
37 06 31 06 3E 06 2E 06 36 06 32 06 25 06 F4 05 ED 05 F1 05 00 06 39 06 33 06 FF 05 F3 05 01 06
19 06 13 06 31 06 F5 05 E6 05 EC 05 FB 05 2E 06 00 06 EE 05 06 06 FC 05 F4 05 E1 05 EC 05 F1 05
09 06 27 06 01 06 1B 06 23 06 2B 06 2B 06 16 06 32 06 36 06 32 06 22 06 EC 05 EF 05 2C 06 2E 06
2E 06 F8 05 3F 06 2B 06 48 06 40 06 45 06 67 06 41 06 69 06 6A 06 68 06 4B 06 5E 06 44 06 47 06
46 06 46 06 2F 06 61 06 38 06 1D 06 2C 06 0C 06 3B 06 0D 06 13 06 03 06 FF 05 0F 06 48 06 05 06
1B 06 24 06 1E 06 26 06 76 06 2C 06 20 06 34 06 2C 06 2B 06 27 06 5A 06 25 06 21 06 2B 06 43 06
24 06 42 06 51 06 63 06 69 06 67 06 60 06 2D 06 6A 06 5E 06 56 06 5C 06 08 06 6F 06 4C 06 6B 06
59 06 14 06 57 06 78 06 5B 06 6E 06 72 06 23 06 8A 06 6A 06 72 06 62 06 50 06 54 06 4E 06 36 06
2C 06 3C 06 2E 06 50 06 35 06 40 06 25 06 29 06 76 06 27 06 0D 06 FD 05 1C 06 5E 06 24 06 3C 06
2A 06 4E 06 8B 06 07 06 20 06 24 06 28 06 21 06 6D 06 30 06 40 06 4D 06 3D 06 39 06 28 06 4B 06
43 06 42 06 1E 06 67 06 72 06 68 06 4E 06 76 06 60 06 35 06 B4 06 7E 06 96 06 7C 06 EF 05 4D 06
68 06 7E 06 76 06 20 06 61 06 69 06 67 06 76 06 82 06 31 06 71 06 7B 06 72 06 87 06 6C 06 5D 06
3D 06 49 06 49 06 58 06 5C 06 4B 06 8A 06 89 06 3D 06 40 06 3B 06 2B 06 74 06 2E 06 48 06 43 06
47 06 76 06 47 06 3B 06 43 06 2F 06 25 06 2F 06 71 06 48 06 4B 06 61 06 48 06 26 06 43 06 39 06
47 06 62 06 2A 06 60 06 62 06 6C 06 72 06 5E 06 3D 06 74 06 62 06 66 06 69 06 1B 06 5D 06 53 06
69 06 59 06 4B 06 58 06 5A 06 60 06 54 06 4E 06 43 06 5F 06 4E 06 4C 06 3C 06 4C 06 56 06 35 06
34 06 29 06 13 06 4B 06 21 06 1F 06 1F 06 25 06 57 06 29 06 14 06 1E 06 0D 06 25 06 4F 06 1C 06
18 06 0C 06 0B 06 29 06 21 06 16 06 11 06 08 06 1D 06 2B 06 1E 06 1F 06 31 06 3E 06 26 06 2E 06
3E 06 36 06 46 06 46 06 5A 06 59 06 3B 06 7A 06 73 06 71 06 5B 06 66 06 17 06 78 06 68 06 6E 06
5F 06 66 06 72 06 6E 06 5C 06 5D 06 50 06 29 06 6A 06 54 06 34 06 2D 06 5F 06 4D 06 39 06 25 06
0B 06 1F 06 59 06 21 06 1F 06 23 06 27 06 4C 06 34 06 74 06 2C 06 37 06 1C 06 20 06 30 06 01 06
1B 06 15 06 21 06 27 06 28 06 28 06 31 06 3A 06 2E 06 11 06 3F 06 47 06 4A 06 06 06 15 06 54 06
36 06 32 06 35 06 FD 05 3C 06 46 06 49 06 4D 06 19 06 35 06 63 06 4E 06 53 06 61 06 5F 06 4E 06
5E 06 3E 06 50 06 43 06 5C 06 4C 06 36 06 21 06 31 06 62 06 46 06 34 06 41 06 4B 06 31 06 6E 06
3B 06 2F 06 1B 06 2B 06 7F 06 6A 06 44 06 3F 06 53 06 3F 06 37 06 84 06 3C 06 4B 06 3D 06 51 06
3C 06 68 06 55 06 71 06 7F 06 97 06 71 06 52 06 47 06 7E 06 9A 06 7A 06 96 06 3F 06 82 06 80 06
7F 06 7F 06 8E 06 4C 06 82 06 8D 06 89 06 99 06 77 06 9E 06 AF 06 A7 06 A1 06 4B 06 80 06 84 06
7A 06 B7 06 97 06 20 06 74 06 4E 06 67 06 4D 06 8B 06 4C 06 61 06 5B 06 51 06 9F 06 57 06 68 06
50 06 57 06 4B 06 3C 06 70 06 1B 06 31 06 24 06 2D 06 5D 06 97 06 4D 06 67 06 5D 06 24 06 43 06
59 06 73 06 78 06 78 06 8A 06 81 06 6F 06 82 06 7B 06 3D 06 7E 06 86 06 88 06 9C 06 94 06 9A 06
5A 06 8B 06 79 06 81 06 92 06 7F 06 83 06 47 06 8F 06 80 06 70 06 62 06 56 06 4D 06 4A 06 3A 06
4E 06 38 06 70 06 43 06 47 06 50 06 39 06 38 06 69 06 31 06 1F 06 2F 06 27 06 79 06 3D 06 2A 06
44 06 3F 06 3F 06 7F 06 43 06 2D 06 44 06 41 06 49 06 4F 06 41 06 4C 06 43 06 59 06 57 06 6F 06
6B 06 61 06 63 06 77 06 4E 06 6E 06 7E 06 74 06 6C 06 24 06 56 06 69 06 73 06 60 06 3B 06 71 06
81 06 7D 06 7A 06 5A 06 17 06 5F 06 68 06 62 06 70 06 68 06 64 06 53 06 3B 06 3B 06 3C 06 40 06
33 06 2D 06 31 06 38 06 44 06 4F 06 65 06 20 06 1F 06 35 06 1F 06 15 06 52 06 21 06 24 06 38 06
30 06 3B 06 3E 06 7B 06 3F 06 35 06 3B 06 37 06 60 06 1D 06 19 06 1B 06 15 06 1A 06 2E 06 3A 06
27 06 27 06 2A 06 2E 06 36 06 F9 05 10 06 20 06 1D 06 20 06 20 06 F4 05 20 06 1C 06 28 06 33 06
D6 05 2F 06 3B 06 3A 06 3E 06 30 06 48 06 52 06 32 06 21 06 27 06 32 06 3A 06 0E 06 05 06 24 06
05 06 15 06 21 06 17 06 17 06 0B 06 09 06 13 06 30 06 0F 06 F0 05 02 06 0E 06 03 06 33 06 10 06
00 06 11 06 11 06 07 06 01 06 17 06 08 06 08 06 29 06 19 06 19 06 30 06 33 06 3F 06 32 06 FE 05
3E 06 2B 06 4A 06 46 06 1B 06 18 06 4E 06 45 06 46 06 43 06 2A 06 42 06 40 06 30 06 36 06 17 06
32 06 43 06 3B 06 50 06 4A 06 4E 06 11 06 46 06 26 06 26 06 24 06 10 06 02 06 F9 05 F7 05 04 06
E3 05 FF 05 1A 06 EB 05 ED 05 05 06 F3 05 07 06 4D 06 1E 06 FF 05 1E 06 10 06 14 06 27 06 1C 06
15 06 0B 06 FC 05 32 06 F5 05 18 06 13 06 1B 06 21 06 37 06 29 06 43 06 3A 06 5E 06 07 06 46 06
2A 06 5A 06 54 06 1C 06 1C 06 F3 05 2C 06 2E 06 11 06 31 06 3B 06 FF 05 0D 06 49 06 33 06 36 06
42 06 2E 06 1E 06 3D 06 45 06 37 06 22 06 42 06 41 06 39 06 65 06 31 06 35 06 40 06 E5 05 5B 06
2B 06 33 06 2F 06 11 06 90 06 6B 06 2E 06 27 06 29 06 13 06 0F 06 54 06 34 06 37 06 25 06 4B 06
2D 06 2C 06 49 06 39 06 42 06 5A 06 2D 06 3B 06 4B 06 4F 06 12 06 58 06 52 06 64 06 64 06 6E 06
2D 06 5C 06 6E 06 72 06 86 06 78 06 7D 06 3F 06 76 06 6F 06 6B 06 6B 06 52 06 3B 06 3A 06 3E 06
57 06 4E 06 5E 06 4C 06 64 06 5C 06 5B 06 54 06 39 06 41 06 3C 06 7F 06 5D 06 41 06 57 06 47 06
39 06 7A 06 62 06 2F 06 2A 06 18 06 2B 06 31 06 72 06 1D 06 20 06 21 06 23 06 1D 06 17 06 2B 06
19 06 39 06 27 06 33 06 4B 06 49 06 47 06 24 06 43 06 51 06 53 06 56 06 25 06 20 06 5A 06 5B 06
5D 06 4E 06 38 06 6B 06 63 06 79 06 7F 06 88 06 88 06 47 06 7B 06 72 06 72 06 76 06 60 06 2C 06
57 06 42 06 3C 06 6C 06 5D 06 3D 06 44 06 4D 06 59 06 49 06 86 06 5F 06 51 06 51 06 63 06 5F 06
4C 06 88 06 67 06 59 06 5D 06 60 06 7E 06 64 06 72 06 73 06 6D 06 C1 06 A0 06 79 06 80 06 7E 06
81 06 81 06 B3 06 AD 06 9B 06 B6 06 6A 06 71 06 9A 06 96 06 96 06 54 06 8D 06 9C 06 AB 06 8A 06
8F 06 8D 06 79 06 91 06 8B 06 88 06 93 06 7F 06 80 06 92 06 86 06 8C 06 4C 06 96 06 6C 06 86 06
64 06 64 06 73 06 5D 06 57 06 54 06 55 06 9F 06 4D 06 53 06 4F 06 4B 06 3B 06 4A 06 87 06 51 06
4C 06 50 06 3B 06 4C 06 3D 06 3C 06 3C 06 2B 06 3F 06 54 06 37 06 4A 06 4D 06 68 06 4B 06 5F 06
73 06 50 06 72 06 86 06 7A 06 7E 06 4E 06 74 06 74 06 7E 06 6F 06 46 06 7C 06 8B 06 91 06 98 06
88 06 65 06 AF 06 A6 06 9B 06 A3 06 86 06 A6 06 A6 06 82 06 81 06 A2 06 AF 06 7C 06 7C 06 75 06
64 06 55 06 A9 06 6F 06 65 06 6B 06 63 06 89 06 4C 06 6C 06 4B 06 3E 06 84 06 68 06 3A 06 4B 06
49 06 96 06 6B 06 2F 06 3F 06 39 06 58 06 65 06 46 06 6D 06 49 06 49 06 51 06 57 06 67 06 61 06
66 06 76 06 90 06 8E 06 50 06 82 06 5C 06 68 06 5F 06 64 06 6C 06 52 06 9B 06 58 06 F9 05 4B 06
52 06 14 06 57 06 4B 06 37 06 2A 06 3F 06 41 06 FC 05 34 06 2E 06 24 06 1C 06 3A 06 F4 05 FC 05
F5 05 11 06 13 06 2B 06 63 06 25 06 07 06 1B 06 FC 05 4C 06 0C 06 F4 05 F9 05 1B 06 57 06 1E 06
21 06 0D 06 17 06 17 06 65 06 0F 06 1D 06 18 06 23 06 FE 05 F4 05 33 06 33 06 36 06 32 06 36 06
1D 06 50 06 46 06 64 06 66 06 21 06 55 06 62 06 4D 06 5C 06 1D 06 46 06 47 06 4A 06 4F 06 F1 05
46 06 52 06 53 06 52 06 42 06 1D 06 4E 06 57 06 2C 06 44 06 4E 06 0D 06 0B 06 09 06 0D 06 3B 06
11 06 19 06 0D 06 17 06 10 06 05 06 37 06 FC 05 FE 05 FC 05 F5 05 34 06 07 06 24 06 06 06 1B 06
36 06 08 06 01 06 03 06 0D 06 0F 06 37 06 43 06 57 06 59 06 77 06 44 06 17 06 56 06 42 06 44 06
4E 06 4F 06 09 06 55 06 55 06 67 06 53 06 51 06 14 06 7A 06 4A 06 57 06 53 06 70 06 4E 06 66 06
56 06 50 06 35 06 36 06 26 06 46 06 44 06 18 06 18 06 0F 06 54 06 05 06 09 06 1D 06 03 06 2A 06
FD 05 01 06 FF 05 E7 05 42 06 23 06 F6 05 F5 05 D0 05 E0 05 2D 06 E8 05 E8 05 03 06 0F 06 1B 06
19 06 39 06 38 06 4B 06 3B 06 55 06 33 06 4B 06 52 06 5E 06 54 06 33 06 66 06 5A 06 4C 06 4E 06
01 06 4F 06 4D 06 4F 06 53 06 06 06 21 06 4A 06 46 06 3E 06 24 06 F7 05 1E 06 30 06 32 06 37 06
3A 06 3F 06 20 06 1E 06 0E 06 14 06 27 06 3F 06 34 06 28 06 27 06 37 06 31 06 40 06 4F 06 33 06
13 06 26 06 24 06 67 06 3C 06 31 06 11 06 2C 06 28 06 31 06 23 06 09 06 07 06 14 06 21 06 13 06
38 06 68 06 33 06 27 06 33 06 13 06 27 06 62 06 62 06 50 06 60 06 56 06 21 06 45 06 3B 06 2E 06
32 06 40 06 11 06 39 06 48 06 5E 06 13 06 02 06 43 06 42 06 17 06 32 06 13 06 3B 06 1E 06 37 06
36 06 4C 06 5C 06 F9 05 ED 05 E1 05 FF 05 00 06 FF 05 2E 06 FD 05 15 06 10 06 1D 06 10 06 0F 06
3E 06 07 06 07 06 06 06 4E 06 0C 06 04 06 13 06 FF 05 5F 06 80 06 24 06 51 06 37 06 2C 06 53 06
53 06 69 06 77 06 56 06 4C 06 98 06 7E 06 86 06 9A 06 8E 06 4D 06 A4 06 89 06 A4 06 AA 06 71 06
98 06 8F 06 9F 06 9B 06 75 06 99 06 9B 06 A7 06 87 06 40 06 76 06 7B 06 66 06 56 06 56 06 51 06
64 06 63 06 51 06 51 06 79 06 31 06 43 06 41 06 3E 06 57 06 90 06 57 06 4E 06 3C 06 48 06 35 06
4E 06 29 06 38 06 34 06 2D 06 5D 06 47 06 31 06 3C 06 4D 06 53 06 22 06 42 06 59 06 59 06 55 06
60 06 86 06 8A 06 82 06 70 06 3C 06 58 06 58 06 6C 06 6D 06 6A 06 66 06 2D 06 5F 06 61 06 62 06
5F 06 48 06 5B 06 4B 06 82 06 5A 06 62 06 62 06 40 06 26 06 1C 06 11 06 2D 06 FC 05 07 06 05 06
14 06 2D 06 29 06 27 06 2D 06 17 06 55 06 02 06 05 06 15 06 0D 06 4D 06 06 06 13 06 1D 06 14 06
2C 06 34 06 48 06 3F 06 2D 06 45 06 58 06 53 06 6B 06 78 06 5E 06 63 06 5C 06 37 06 72 06 7E 06
82 06 6C 06 82 06 76 06 7A 06 7C 06 7C 06 47 06 4B 06 7A 06 93 06 7A 06 83 06 7F 06 35 06 72 06
79 06 78 06 73 06 72 06 6E 06 30 06 5A 06 52 06 66 06 5C 06 76 06 23 06 34 06 1D 06 09 06 10 06
2A 06 11 06 F5 05 FF 05 0D 06 23 06 4A 06 03 06 08 06 F8 05 1D 06 57 06 0F 06 1C 06 2C 06 09 06
0F 06 5C 06 0C 06 F8 05 18 06 3B 06 15 06 29 06 3F 06 53 06 3F 06 2C 06 46 06 46 06 44 06 5C 06
52 06 60 06 24 06 5D 06 68 06 6E 06 5A 06 1D 06 48 06 4D 06 49 06 53 06 24 06 69 06 90 06 83 06
70 06 76 06 60 06 66 06 53 06 5E 06 64 06 8B 06 64 06 5C 06 4F 06 2B 06 37 06 4D 06 77 06 51 06
49 06 59 06 50 06 5B 06 A3 06 57 06 4F 06 5B 06 50 06 47 06 66 06 5D 06 61 06 54 06 57 06 55 06
A1 06 68 06 71 06 6D 06 67 06 6E 06 65 06 93 06 8B 06 A6 06 8E 06 70 06 76 06 8A 06 8E 06 84 06
6B 06 87 06 D2 06 77 06 A2 06 9F 06 5B 06 AF 06 93 06 A3 06 93 06 9F 06 61 06 9A 06 93 06 9F 06
81 06 82 06 6B 06 45 06 6C 06 64 06 54 06 63 06 47 06 58 06 BC 06 3C 06 71 06 5D 06 23 06 81 06
50 06 53 06 55 06 3F 06 4A 06 6E 06 3B 06 26 06 2F 06 46 06 1B 06 37 06 35 06 41 06 45 06 79 06
2F 06 3F 06 3B 06 4F 06 55 06 5C 06 5B 06 7E 06 6A 06 80 06 3D 06 33 06 66 06 62 06 68 06 7E 06
73 06 51 06 78 06 73 06 89 06 83 06 80 06 49 06 7D 06 7B 06 52 06 53 06 5E 06 64 06 50 06 47 06
60 06 46 06 4E 06 3B 06 47 06 40 06 2D 06 15 06 33 06 31 06 2B 06 59 06 36 06 24 06 3F 06 2D 06
26 06 69 06 2B 06 2A 06 20 06 40 06 3C 06 35 06 25 06 1B 06 1C 06 35 06 2D 06 49 06 51 06 41 06
62 06 4C 06 29 06 62 06 62 06 56 06 46 06 2D 06 62 06 5E 06 66 06 72 06 6D 06 4B 06 7F 06 6F 06
6B 06 71 06 7A 06 24 06 57 06 56 06 63 06 5A 06 82 06 2C 06 5B 06 4B 06 65 06 52 06 47 06 60 06
89 06 4C 06 14 06 2D 06 1D 06 1B 06 36 06 15 06 1F 06 17 06 19 06 58 06 07 06 04 06 F2 05 E4 05
12 06 D7 05 DB 05 F4 05 F4 05 33 06 21 06 EF 05 EF 05 F8 05 CE 05 26 06 EB 05 03 06 02 06 18 06
F0 05 05 06 4E 06 3A 06 3E 06 32 06 43 06 0D 06 2E 06 38 06 30 06 48 06 42 06 51 06 0B 06 38 06
39 06 4B 06 2F 06 1B 06 4E 06 5A 06 52 06 34 06 3E 06 47 06 32 06 22 06 1E 06 20 06 FC 05 37 06
F9 05 F5 05 0C 06 F5 05 34 06 00 06 F7 05 11 06 F9 05 37 06 4A 06 06 06 04 06 1A 06 0B 06 1C 06
0C 06 00 06 F0 05 F9 05 23 06 0F 06 63 06 35 06 3D 06 39 06 3B 06 3F 06 52 06 29 06 4E 06 57 06
52 06 72 06 54 06 6F 06 62 06 60 06 5C 06 1D 06 3F 06 2F 06 40 06 33 06 51 06 49 06 1E 06 56 06
3F 06 48 06 41 06 42 06 3B 06 30 06 37 06 51 06 1D 06 53 06 2C 06 24 06 FD 05 34 06 04 06 EC 05
FB 05 E9 05 E5 05 33 06 22 06 E7 05 DB 05 D3 05 DC 05 DA 05 0D 06 D7 05 F7 05 FB 05 E4 05 E0 05
F5 05 4B 06 13 06 AD 05 F8 05 E5 05 F1 05 FF 05 FB 05 02 06 0B 06 1B 06 04 06 07 06 3E 06 22 06
36 06 46 06 05 06 4C 06 25 06 2E 06 17 06 E5 05 0E 06 28 06 88 06 45 06 62 06 06 06 FE 05 58 06
46 06 52 06 50 06 4C 06 0D 06 2F 06 43 06 3A 06 3C 06 2C 06 48 06 72 06 39 06 45 06 35 06 29 06
6A 06 41 06 4C 06 64 06 32 06 50 06 0A 06 0C 06 FC 05 FC 05 ED 05 F7 05 38 06 F8 05 1C 06 0F 06
0F 06 23 06 19 06 29 06 19 06 19 06 10 06 23 06 33 06 27 06 37 06 F5 05 FE 05 2E 06 2C 06 26 06
42 06 11 06 48 06 64 06 5A 06 5F 06 38 06 6B 06 77 06 6B 06 7A 06 58 06 5F 06 58 06 4A 06 4A 06
40 06 35 06 34 06 2A 06 2A 06 1C 06 34 06 53 06 1D 06 29 06 18 06 24 06 48 06 53 06 0B 06 11 06
0F 06 0E 06 3E 06 11 06 04 06 1C 06 1F 06 56 06 0F 06 1C 06 27 06 23 06 2F 06 2F 06 6A 06 2F 06
2D 06 2D 06 42 06 3D 06 40 06 82 06 4F 06 63 06 56 06 4E 06 13 06 4A 06 52 06 56 06 54 06 6C 06
70 06 70 06 66 06 86 06 5B 06 8F 06 4B 06 7A 06 67 06 53 06 6B 06 2F 06 73 06 72 06 66 06 67 06
67 06 34 06 54 06 5C 06 34 06 4C 06 8D 06 8E 06 4D 06 55 06 3B 06 72 06 41 06 3D 06 40 06 41 06
27 06 68 06 4C 06 4E 06 4D 06 37 06 30 06 50 06 24 06 35 06 41 06 4B 06 9A 06 4C 06 5F 06 51 06
3F 06 4B 06 5A 06 43 06 2B 06 47 06 4E 06 0C 06 29 06 48 06 48 06 62 06 29 06 68 06 56 06 69 06
66 06 67 06 78 06 3E 06 72 06 76 06 79 06 5F 06 76 06 76 06 82 06 87 06 86 06 48 06 82 06 64 06
72 06 40 06 4F 06 53 06 39 06 35 06 43 06 41 06 82 06 49 06 44 06 25 06 1B 06 1B 06 24 06 5F 06
1F 06 1D 06 1F 06 2C 06 2F 06 6E 06 31 06 1B 06 34 06 2D 06 24 06 11 06 2B 06 51 06 4B 06 5B 06
63 06 46 06 53 06 5E 06 82 06 6C 06 94 06 54 06 8E 06 82 06 86 06 7C 06 4E 06 76 06 8A 06 6F 06
89 06 27 06 5F 06 86 06 72 06 89 06 83 06 2C 06 82 06 6A 06 73 06 87 06 96 06 94 06 7C 06 84 06
71 06 D4 06 6D 06 28 06 51 06 5D 06 4D 06 6B 06 9A 06 63 06 81 06 93 06 79 06 BC 06 87 06 77 06
77 06 7B 06 BB 06 95 06 7F 06 7D 06 79 06 6F 06 AA 06 71 06 CD 06 67 06 89 06 4D 06 2B 06 77 06
82 06 96 06 8A 06 AA 06 4D 06 7E 06 88 06 88 06 85 06 75 06 86 06 45 06 62 06 79 06 5D 06 52 06
43 06 4E 06 6B 06 79 06 8A 06 76 06 4E 06 1D 06 4E 06 4B 06 2E 06 48 06 4C 06 31 06 38 06 55 06
40 06 49 06 31 06 73 06 39 06 3B 06 2D 06 33 06 1F 06 2C 06 73 06 1C 06 37 06 27 06 2D 06 5C 06
2C 06 47 06 45 06 41 06 7E 06 41 06 48 06 31 06 39 06 62 06 38 06 3A 06 3F 06 63 06 77 06 3C 06
3C 06 86 06 78 06 8E 06 86 06 A2 06 73 06 9A 06 A3 06 B2 06 8F 06 B9 06 A3 06 51 06 9E 06 93 06
73 06 93 06 86 06 9B 06 B6 06 B3 06 92 06 96 06 7E 06 7A 06 54 06 3C 06 41 06 51 06 8D 06 5D 06
45 06 51 06 2B 06 5C 06 1F 06 F8 05 07 06 07 06 14 06 64 06 23 06 17 06 11 06 0E 06 1F 06 07 06
0B 06 05 06 01 06 2C 06 29 06 72 06 25 06 41 06 43 06 3F 06 5F 06 17 06 4F 06 62 06 7A 06 56 06
48 06 2C 06 1D 06 4F 06 4B 06 37 06 33 06 43 06 F3 05 09 06 53 06 5F 06 4C 06 48 06 5B 06 08 06
32 06 37 06 42 06 26 06 22 06 31 06 0E 06 04 06 14 06 E4 05 F7 05 0B 06 EF 05 EB 05 E3 05 F3 05
27 06 F5 05 05 06 E7 05 E4 05 25 06 F9 05 FF 05 0F 06 05 06 23 06 54 06 13 06 0B 06 05 06 03 06
1F 06 1C 06 25 06 2B 06 57 06 6E 06 69 06 90 06 8D 06 92 06 87 06 8A 06 31 06 77 06 7A 06 6C 06
78 06 3B 06 6B 06 6F 06 62 06 6F 06 0C 06 47 06 6B 06 7E 06 78 06 4E 06 07 06 5B 06 44 06 3C 06
3B 06 2C 06 3A 06 47 06 2E 06 38 06 08 06 3F 06 38 06 29 06 19 06 FF 05 F3 05 F1 05 3B 06 FD 05
06 06 13 06 E2 05 FF 05 2E 06 F4 05 E7 05 E7 05 EC 05 F4 05 DB 05 30 06 E0 05 FC 05 F8 05 08 06
ED 05 F3 05 4F 06 19 06 0B 06 08 06 31 06 3A 06 04 06 36 06 3A 06 2A 06 22 06 26 06 EF 05 3A 06
42 06 7F 06 88 06 D8 05 5B 06 5F 06 67 06 68 06 10 06 43 06 56 06 4A 06 52 06 56 06 1B 06 47 06
3A 06 46 06 24 06 58 06 4D 06 2D 06 31 06 1B 06 5C 06 62 06 7F 06 FF 05 2F 06 03 06 9D 05 34 06
FF 05 04 06 27 06 25 06 56 06 20 06 0E 06 0D 06 23 06 52 06 17 06 30 06 28 06 51 06 39 06 4E 06
28 06 3D 06 33 06 53 06 24 06 5A 06 56 06 54 06 66 06 64 06 60 06 17 06 41 06 4D 06 71 06 63 06
72 06 23 06 7C 06 87 06 89 06 9B 06 80 06 62 06 62 06 72 06 72 06 67 06 6F 06 47 06 58 06 54 06
44 06 1C 06 1C 06 48 06 04 06 FC 05 03 06 05 06 53 06 17 06 FE 05 1B 06 07 06 36 06 37 06 FE 05
27 06 2F 06 13 06 61 06 2C 06 17 06 0F 06 05 06 FC 05 58 06 2B 06 19 06 19 06 26 06 4E 06 48 06
5A 06 47 06 4E 06 46 06 5E 06 64 06 54 06 6E 06 8A 06 71 06 86 06 24 06 5E 06 2D 06 33 06 4F 06
53 06 47 06 1F 06 3E 06 58 06 5B 06 52 06 6E 06 61 06 6C 06 62 06 62 06 3E 06 74 06 40 06 29 06
1C 06 20 06 54 06 45 06 45 06 5B 06 5B 06 A2 06 9A 06 73 06 5E 06 36 06 4E 06 4E 06 87 06 3F 06
3D 06 36 06 38 06 39 06 35 06 47 06 4C 06 2C 06 3B 06 43 06 59 06 43 06 80 06 45 06 49 06 7A 06
66 06 4E 06 76 06 38 06 74 06 7A 06 7C 06 6E 06 35 06 84 06 75 06 79 06 89 06 92 06 7E 06 2F 06
7D 06 93 06 90 06 82 06 8B 06 8B 06 72 06 77 06 72 06 4E 06 54 06 6F 06 91 06 51 06 45 06 40 06
44 06 33 06 3F 06 0C 06 09 06 0D 06 04 06 EB 05 2A 06 2B 06 F7 05 DF 05 CB 05 C7 05 E9 05 BD 05
BF 05 E3 05 D9 05 E5 05 4A 06 10 06 F3 05 FB 05 EB 05 06 06 F0 05 33 06 09 06 22 06 3A 06 0B 06
3F 06 60 06 32 06 36 06 3D 06 F5 05 32 06 3D 06 4F 06 51 06 19 06 4B 06 4A 06 68 06 41 06 59 06
5A 06 0F 06 70 06 54 06 70 06 62 06 6C 06 6A 06 7E 06 3C 06 55 06 4F 06 44 06 9F 06 64 06 51 06
53 06 51 06 8A 06 4A 06 5B 06 4B 06 34 06 46 06 5A 06 66 06 44 06 36 06 24 06 20 06 25 06 13 06
2D 06 6E 06 59 06 15 06 37 06 39 06 39 06 2E 06 3F 06 3A 06 47 06 4E 06 52 06 6F 06 78 06 72 06
43 06 76 06 69 06 64 06 6A 06 59 06 1D 06 83 06 71 06 8E 06 E6 06 78 06 80 06 78 06 16 06 5A 06
66 06 72 06 72 06 3C 06 54 06 56 06 44 06 25 06 3B 06 35 06 38 06 34 06 29 06 33 06 37 06 7B 06
4D 06 3D 06 39 06 1D 06 44 06 42 06 66 06 30 06 3F 06 37 06 2F 06 4B 06 4B 06 98 06 44 06 51 06
41 06 41 06 33 06 4B 06 59 06 73 06 67 06 66 06 54 06 62 06 68 06 7A 06 52 06 66 06 5C 06 84 06
75 06 8F 06 7B 06 3A 06 91 06 7B 06 7B 06 B3 06 99 06 4D 06 B0 06 9A 06 90 06 B2 06 96 06 87 06
96 06 96 06 9C 06 BD 06 98 06 91 06 90 06 A0 06 8C 06 99 06 C7 06 7F 06 7C 06 7F 06 89 06 C2 06
83 06 8C 06 6E 06 86 06 C1 06 77 06 7D 06 57 06 54 06 57 06 97 06 4F 06 5C 06 79 06 69 06 4F 06
79 06 51 06 4B 06 59 06 5B 06 72 06 38 06 76 06 7A 06 6A 06 82 06 5C 06 33 06 74 06 76 06 76 06
7F 06 6F 06 31 06 4F 06 55 06 42 06 3A 06 53 06 46 06 1F 06 50 06 72 06 57 06 2A 06 44 06 36 06
24 06 06 06 04 06 3A 06 F9 05 04 06 1F 06 3C 06 6A 06 38 06 2F 06 11 06 1D 06 46 06 58 06 1A 06
2C 06 34 06 37 06 66 06 45 06 2C 06 3A 06 27 06 1C 06 1D 06 2D 06 21 06 1B 06 41 06 3F 06 27 06
43 06 2B 06 53 06 5E 06 09 06 4C 06 4C 06 5E 06 56 06 25 06 21 06 3F 06 60 06 47 06 26 06 EA 05
5A 06 56 06 5B 06 72 06 4B 06 78 06 5E 06 62 06 5E 06 47 06 5F 06 29 06 50 06 56 06 36 06 34 06
3D 06 0A 06 FD 05 EC 05 FC 05 FF 05 F7 05 42 06 2F 06 FF 05 1D 06 25 06 10 06 FC 05 20 06 36 06
F5 05 F5 05 06 06 EC 05 14 06 48 06 09 06 08 06 2D 06 28 06 37 06 05 06 18 06 39 06 39 06 59 06
36 06 1C 06 4F 06 3A 06 32 06 44 06 06 06 4F 06 49 06 4C 06 0C 06 47 06 45 06 39 06 36 06 23 06
08 06 0D 06 19 06 09 06 12 06 26 06 FF 05 EF 05 DE 05 F2 05 DC 05 E1 05 E8 05 DC 05 CC 05 E1 05
ED 05 15 06 43 06 AB 05 F7 05 FD 05 3D 06 1B 06 FE 05 17 06 30 06 1E 06 29 06 37 06 01 06 20 06
00 06 1C 06 66 06 2F 06 27 06 49 06 38 06 53 06 43 06 37 06 C2 06 5B 06 83 06 7E 06 F5 05 69 06
6A 06 58 06 74 06 42 06 46 06 45 06 6C 06 6B 06 87 06 8F 06 5B 06 A3 06 AB 06 9B 06 98 06 98 06
81 06 6B 06 76 06 72 06 8E 06 7C 06 66 06 6C 06 56 06 60 06 66 06 83 06 64 06 50 06 5C 06 55 06
AA 06 59 06 6F 06 54 06 4D 06 69 06 96 06 6C 06 37 06 4E 06 52 06 44 06 2E 06 16 06 24 06 15 06
35 06 29 06 40 06 44 06 3F 06 31 06 33 06 16 06 48 06 59 06 43 06 26 06 6A 06 7E 06 66 06 70 06
4A 06 13 06 4F 06 4C 06 5D 06 57 06 5B 06 48 06 51 06 69 06 71 06 67 06 3A 06 6F 06 FB 05 52 06
52 06 5E 06 5B 06 67 06 6A 06 7E 06 6C 06 4C 06 1D 06 37 06 2D 06 11 06 43 06 30 06 4B 06 77 06
21 06 0C 06 3F 06 1F 06 27 06 0C 06 2D 06 06 06 07 06 17 06 0D 06 2C 06 FF 05 EF 05 13 06 11 06
44 06 1F 06 0D 06 2E 06 32 06 11 06 21 06 4B 06 56 06 52 06 6A 06 23 06 27 06 80 06 8A 06 7A 06
9D 06 72 06 53 06 7A 06 87 06 88 06 7F 06 8E 06 83 06 50 06 76 06 7A 06 68 06 5A 06 62 06 67 06
71 06 76 06 86 06 66 06 3D 06 6C 06 3B 06 2D 06 15 06 11 06 40 06 03 06 FD 05 09 06 FD 05 48 06
19 06 F3 05 13 06 FC 05 E4 05 2F 06 07 06 F4 05 14 06 F7 05 F0 05 DF 05 F9 05 F5 05 18 06 05 06
F9 05 0B 06 1A 06 0B 06 1F 06 2F 06 DF 05 1A 06 52 06 1A 06 2A 06 04 06 44 06 3E 06 55 06 7F 06
35 06 65 06 60 06 63 06 43 06 35 06 22 06 5F 06 5B 06 41 06 57 06 52 06 4A 06 37 06 1C 06 27 06
16 06 1E 06 1D 06 3C 06 3F 06 1D 06 38 06 43 06 6F 06 25 06 3F 06 2D 06 3B 06 37 06 66 06 7B 06
3C 06 37 06 5F 06 27 06 36 06 73 06 3F 06 4C 06 49 06 2D 06 48 06 60 06 7E 06 3D 06 5B 06 57 06
42 06 51 06 9A 06 7B 06 82 06 9E 06 8A 06 86 06 54 06 60 06 60 06 50 06 73 06 4D 06 A6 06 96 06
9D 06 D1 06 81 06 33 06 9F 06 9F 06 B1 06 A3 06 6C 06 A7 06 97 06 81 06 85 06 6A 06 8E 06 4E 06
4C 06 49 06 51 06 64 06 AD 06 4B 06 6D 06 5B 06 3B 06 6B 06 0B 07 53 06 79 06 4C 06 1E 06 4B 06
72 06 57 06 4C 06 3C 06 5C 06 50 06 23 06 31 06 2C 06 4D 06 63 06 48 06 41 06 43 06 3B 06 3B 06
5B 06 0F 06 6E 06 6A 06 7C 06 84 06 3D 06 5E 06 5F 06 78 06 67 06 17 06 59 06 75 06 73 06 78 06
8F 06 5F 06 96 06 88 06 71 06 73 06 76 06 82 06 29 06 66 06 6B 06 5E 06 44 06 46 06 34 06 48 06
29 06 31 06 46 06 1F 06 47 06 52 06 23 06 41 06 53 06 35 06 3A 06 85 06 44 06 37 06 66 06 4D 06
76 06 5D 06 6D 06 43 06 47 06 82 06 65 06 48 06 49 06 39 06 32 06 74 06 63 06 47 06 5B 06 6B 06
62 06 2C 06 56 06 66 06 6A 06 6A 06 53 06 31 06 58 06 55 06 5A 06 57 06 3D 06 6D 06 63 06 6E 06
74 06 3F 06 4A 06 52 06 36 06 1C 06 FB 05 16 06 30 06 18 06 1C 06 FF 05 0F 06 1B 06 1C 06 41 06
24 06 52 06 6A 06 41 06 41 06 51 06 5F 06 63 06 7A 06 3F 06 3D 06 0C 06 1B 06 44 06 20 06 F6 05
3D 06 45 06 40 06 28 06 28 06 1F 06 18 06 4A 06 40 06 22 06 2B 06 11 06 06 06 38 06 FA 05 F8 05
EF 05 14 06 97 05 D8 05 10 06 1E 06 07 06 20 06 51 06 13 06 18 06 23 06 33 06 26 06 19 06 E2 05
27 06 42 06 32 06 42 06 46 06 1C 06 47 06 44 06 4C 06 3C 06 A4 06 99 06 55 06 49 06 88 06 71 06
21 06 79 06 47 06 50 06 49 06 2A 06 90 06 5F 06 7A 06 37 06 47 06 52 06 44 06 31 06 25 06 CF 05
0C 06 52 06 09 06 F9 05 71 06 39 06 09 06 03 06 43 06 4B 06 1E 06 D2 05 2E 06 02 06 32 06 6E 06
97 06 E4 06 7F 06 B3 06 FF 06 EA 06 A3 06 6F 06 90 06 92 06 4F 06 41 06 C0 05 19 06 3A 06 52 06
97 06 A6 06 73 06 83 06 A6 06 4C 06 10 06 0F 06 3F 06 D7 05 B8 05 98 05 A7 05 07 06 86 08 07 0A
FF 09 B0 09 3B 09 25 08 34 06 E4 03 1B 02 3B 02 33 02 23 02 4C 02 67 02 A1 02 3B 03 34 04 5C 05
2B 06 05 08 E1 09 C3 0A 5A 0B 3F 0C 16 0C 16 0B 3E 09 5A 09 6E 08 CD 06 8A 06 14 06 59 05 83 05
7F 05 74 04 36 04 43 04 18 04 3F 04 52 04 CC 03 EA 03 7F 04 38 05 8E 05 37 06 B2 06 E7 06 D3 07
A7 08 A7 08 0C 08 AE 07 70 07 67 06 39 05 31 05 B1 04 FF 03 F9 03 C3 04 56 05 3C 05 D5 05 5E 06
9A 06 89 06 17 06 3F 06 15 06 13 06 40 06 B4 06 C1 06 EF 06 37 07 2C 07 ED 06 44 07 CB 07 2D 08
66 08 CF 08 71 08 49 08 D6 07 9B 07 E2 06 36 06 FE 05 18 06 C4 05 19 06 40 06 01 06 EF 05 4F 05
32 05 AD 04 CA 04 07 05 E6 04 CF 04 2A 05 70 05 90 05 E6 05 38 06 36 06 32 06 37 06 82 06 9E 06
F8 06 0B 07 5E 06 45 06 35 06 ED 05 31 06 45 06 21 06 33 06 71 06 CB 06 87 06 9B 06 BF 06 A4 06
3A 06 47 06 F9 06 B0 06 94 06 D0 06 A9 06 57 06 6F 06 72 06 E9 05 F1 05 F3 05 E1 05 DF 05 D7 05
15 06 19 06 FF 05 D2 05 D6 05 F0 05 07 06 1A 06 3E 06 4A 06 5F 06 99 06 CD 06 97 06 89 06 D4 05
D6 05 CF 05 FE 05 0A 06 03 06 C4 05 5E 06 8A 06 90 06 CE 06 C6 06 E1 06 30 07 64 07 3C 07 3C 07
29 07 7E 07 1C 07 B5 06 7B 06 91 06 87 06 09 06 06 06 C3 05 97 05 CA 05 96 05 7C 05 71 05 7B 05
3B 06 EA 05 E0 05 FC 05 0B 06 E5 05 3D 06 24 06 3C 06 5C 06 6F 06 3C 06 5C 06 8B 06 7B 06 77 06
5C 06 5E 06 72 06 7E 06 6A 06 7E 06 8A 06 1B 06 49 06 32 06 42 06 5E 06 41 06 90 06 7C 06 92 06
A3 06 67 06 AD 06 BF 06 BA 06 82 06 6E 06 3D 06 7A 06 92 06 96 06 94 06 7F 06 30 06 3F 06 20 06
2E 06 40 06 0B 06 3A 06 14 06 17 06 19 06 FB 05 D7 05 FA 05 E5 05 0C 06 43 06 2D 06 44 06 74 06
60 06 4F 06 25 06 15 06 28 06 54 06 5F 06 29 06 70 06 79 06 7B 06 69 06 8F 06 8E 06 92 06 A4 06
3B 06 62 06 86 06 76 06 54 06 2A 06 1F 06 5F 06 4B 06 4C 06 66 06 50 06 82 06 6B 06 7B 06 79 06
57 06 32 06 1B 06 10 06 E9 05 EE 05 07 06 1C 06 3C 06 66 06 94 06 8D 06 EF 06 A9 06 D1 06 DB 06
D9 06 0E 07 D1 06 6D 06 64 06 3B 06 4E 06 1A 06 06 06 F3 05 E3 05 E1 05 31 06 EF 05 07 06 03 06
E5 05 F5 05 E8 05 D3 05 FB 05 31 06 4B 06 7A 06 7C 06 56 06 C2 06 DA 06 E6 06 CE 06 AC 06 84 06
64 06 50 06 50 06 38 06 BD 05 D7 05 DE 05 AB 05 AB 05 EF 05 C2 05 BF 05 F3 05 0A 06 1B 06 5A 06
8A 06 77 06 9B 06 DC 06 0A 07 0B 07 3C 07 28 07 1D 07 DF 06 0B 07 D1 06 70 06 49 06 13 06 C7 05
E5 05 8A 05 93 05 87 05 74 05 BF 05 5B 06 22 06 27 06 33 06 65 06 5C 06 83 06 13 06 25 06 39 06
4D 06 39 06 51 06 6F 06 67 06 6B 06 7C 06 79 06 8B 06 6B 06 62 06 2B 06 21 06 50 06 36 06 33 06
39 06 03 06 2E 06 4B 06 60 06 7C 06 3D 06 67 06 7F 06 9E 06 89 06 98 06 3D 06 67 06 83 06 88 06
73 06 57 06 66 06 4A 06 36 06 26 06 19 06 2E 06 2C 06 04 06 28 06 17 06 63 06 6C 06 47 06 27 06
3B 06 3E 06 96 06 37 06 24 06 23 06 1B 06 05 06 04 06 3B 06 2D 06 17 06 34 06 20 06 4D 06 40 06
4C 06 61 06 6A 06 5F 06 73 06 2B 06 FB 05 2E 06 26 06 32 06 26 06 2C 06 17 06 66 06 78 06 76 06
86 06 A0 06 B9 06 8F 06 99 06 7F 06 82 06 5F 06 46 06 1A 06 2A 06 13 06 1C 06 14 06 27 06 30 06
42 06 2E 06 4C 06 45 06 96 06 55 06 5C 06 53 06 5F 06 86 06 47 06 28 06 32 06 1F 06 0C 06 3C 06
1E 06 1C 06 17 06 01 06 20 06 04 06 FF 05 0C 06 21 06 2F 06 47 06 92 06 61 06 78 06 91 06 B0 06
AB 06 69 06 68 06 6E 06 5E 06 36 06 32 06 0C 06 27 06 1C 06 09 06 04 06 DF 05 3B 06 4A 06 53 06
6F 06 93 06 AE 06 A0 06 C6 06 C2 06 D0 06 BB 06 86 06 72 06 65 06 5B 06 37 06 0B 06 1C 06 F8 05
04 06 05 06 34 06 24 06 1C 06 31 06 37 06 2F 06 70 06 5D 06 30 06 11 06 1F 06 16 06 1C 06 5D 06
45 06 3B 06 34 06 54 06 66 06 53 06 AB 06 5B 06 5D 06 4E 06 5B 06 1F 06 2F 06 29 06 1F 06 19 06
2B 06 26 06 4A 06 42 06 44 06 4A 06 3E 06 0C 06 29 06 25 06 2E 06 3A 06 0C 06 56 06 5F 06 77 06
77 06 93 06 4C 06 71 06 93 06 90 06 92 06 72 06 47 06 3B 06 1D 06 E6 05 F0 05 EF 05 D1 05 DE 05
E4 05 0C 06 20 06 66 06 4B 06 3B 06 37 06 3C 06 92 06 37 06 65 06 3D 06 47 06 78 06 2D 06 25 06
26 06 15 06 27 06 57 06 0F 06 1C 06 2F 06 19 06 17 06 16 06 20 06 20 06 4B 06 56 06 76 06 64 06
9E 06 AA 06 B3 06 A6 06 A4 06 41 06 78 06 52 06 46 06 44 06 2F 06 F3 05 11 06 33 06 3E 06 48 06
4B 06 53 06 72 06 92 06 A6 06 A0 06 9F 06 A8 06 86 06 66 06 4C 06 21 06 5B 06 11 06 00 06 F9 05
F5 05 02 06 1B 06 D3 05 DB 05 ED 05 03 06 56 06 4C 06 5C 06 78 06 7F 06 97 06 CF 06 97 06 81 06
77 06 57 06 53 06 7A 06 17 06 0B 06 02 06 ED 05 F1 05 DF 05 FE 05 F7 05 16 06 12 06 1F 06 F3 05
19 06 4E 06 60 06 68 06 7F 06 71 06 44 06 6B 06 7A 06 71 06 76 06 43 06 73 06 71 06 75 06 7B 06
1F 06 68 06 6C 06 64 06 4F 06 56 06 2D 06 34 06 2C 06 1C 06 17 06 46 06 4F 06 2D 06 39 06 33 06
4F 06 4F 06 9B 06 80 06 63 06 5C 06 67 06 B0 06 6E 06 60 06 60 06 44 06 71 06 47 06 2F 06 21 06
1D 06 39 06 17 06 18 06 FB 05 C7 05 09 06 16 06 0B 06 0E 06 2A 06 2E 06 11 06 56 06 6A 06 7E 06
98 06 A4 06 B5 06 65 06 9A 06 9E 06 98 06 6D 06 3B 06 5F 06 5B 06 40 06 32 06 23 06 56 06 32 06
32 06 3B 06 21 06 4A 06 38 06 44 06 40 06 47 06 6A 06 4C 06 5D 06 5B 06 92 06 55 06 45 06 55 06
51 06 2B 06 62 06 1B 06 16 06 24 06 04 06 E9 05 00 06 24 06 FD 05 EE 05 07 06 15 06 25 06 11 06
29 06 1D 06 49 06 2E 06 33 06 2F 06 4A 06 4A 06 57 06 36 06 44 06 44 06 60 06 66 06 25 06 2D 06
77 06 6E 06 60 06 73 06 88 06 21 06 63 06 5F 06 48 06 52 06 5F 06 43 06 98 06 6A 06 87 06 7C 06
97 06 56 06 AD 06 54 06 24 06 25 06 73 06 0C 06 34 06 39 06 1B 06 27 06 6A 06 19 06 30 06 16 06
37 06 46 06 87 06 4B 06 61 06 71 06 4C 06 C0 06 7F 06 61 06 6D 06 85 06 58 06 86 06 39 06 1B 06
2D 06 47 06 29 06 11 06 50 06 56 06 52 06 25 06 4B 06 72 06 8E 06 A8 06 BC 06 88 06 65 06 D8 06
E0 06 8B 06 A3 06 7B 06 8B 06 8E 06 93 06 4A 06 1B 06 7E 06 89 06 44 06 5B 06 30 06 40 06 3C 06
4E 06 2C 06 49 06 66 06 9A 06 40 06 65 06 4D 06 4F 06 67 06 94 06 5B 06 57 06 5A 06 46 06 44 06
39 06 68 06 0B 06 04 06 1C 06 0D 06 29 06 2B 06 17 06 44 06 58 06 68 06 96 06 71 06 6E 06 80 06
99 06 90 06 77 06 96 06 66 06 58 06 62 06 0F 06 56 06 4C 06 58 06 69 06 4F 06 2E 06 8F 06 8B 06
98 06 A3 06 91 06 A2 06 AF 06 95 06 A2 06 7A 06 73 06 77 06 60 06 4E 06 48 06 54 06 6D 06 40 06
50 06 67 06 44 06 AB 06 65 06 43 06 49 06 4F 06 59 06 63 06 48 06 2A 06 3C 06 44 06 68 06 30 06
53 06 40 06 61 06 43 06 33 06 25 06 16 06 21 06 1B 06 07 06 1B 06 20 06 3F 06 3B 06 61 06 34 06
66 06 76 06 7C 06 6B 06 33 06 6A 06 78 06 81 06 6F 06 45 06 84 06 96 06 89 06 68 06 97 06 73 06
8A 06 78 06 78 06 73 06 23 06 72 06 6C 06 67 06 4E 06 58 06 36 06 54 06 38 06 35 06 21 06 25 06
5D 06 0D 06 03 06 03 06 07 06 40 06 09 06 F9 05 1F 06 5E 06 2C 06 3D 06 3F 06 3D 06 45 06 7E 06
37 06 45 06 33 06 2D 06 34 06 1D 06 13 06 23 06 21 06 26 06 31 06 37 06 34 06 52 06 62 06 6E 06
6F 06 76 06 46 06 8C 06 8F 06 8C 06 A2 06 A1 06 68 06 72 06 A1 06 9E 06 9F 06 9A 06 8A 06 34 06
6C 06 70 06 5E 06 41 06 3C 06 37 06 FD 05 13 06 1C 06 0E 06 0D 06 46 06 14 06 21 06 43 06 3B 06
57 06 A5 06 7D 06 6D 06 6F 06 5D 06 5C 06 72 06 3E 06 23 06 1B 06 FC 05 43 06 FB 05 FE 05 F7 05
05 06 F5 05 4C 06 28 06 43 06 4B 06 5A 06 29 06 37 06 5F 06 77 06 5A 06 76 06 5F 06 27 06 60 06
68 06 59 06 6D 06 27 06 83 06 6B 06 6B 06 73 06 41 06 66 06 67 06 68 06 68 06 20 06 6B 06 62 06
6E 06 65 06 4F 06 0C 06 47 06 1E 06 24 06 0C 06 3B 06 FB 05 14 06 F4 05 15 06 47 06 29 06 31 06
51 06 50 06 5A 06 32 06 97 06 48 06 53 06 3F 06 41 06 5C 06 3C 06 24 06 2B 06 21 06 56 06 05 06
14 06 23 06 11 06 05 06 37 06 29 06 21 06 33 06 46 06 14 06 3C 06 5C 06 68 06 60 06 6C 06 6D 06
3D 06 68 06 7B 06 6F 06 71 06 71 06 2D 06 5B 06 61 06 63 06 69 06 70 06 66 06 66 06 6C 06 4B 06
67 06 32 06 51 06 25 06 40 06 29 06 3B 06 2D 06 89 06 41 06 5D 06 5F 06 55 06 83 06 45 06 33 06
30 06 24 06 66 06 36 06 0B 06 03 06 13 06 04 06 53 06 FF 05 15 06 23 06 2F 06 34 06 39 06 29 06
31 06 3F 06 13 06 2B 06 43 06 33 06 3B 06 4A 06 5A 06 17 06 56 06 4E 06 48 06 43 06 00 06 41 06
38 06 41 06 48 06 19 06 3B 06 66 06 86 06 78 06 89 06 4C 06 7A 06 7E 06 84 06 6A 06 62 06 50 06
44 06 24 06 19 06 1D 06 FC 05 46 06 28 06 0F 06 1B 06 29 06 33 06 37 06 57 06 2B 06 27 06 32 06
2C 06 63 06 3F 06 2C 06 34 06 3C 06 35 06 3F 06 79 06 1C 06 2E 06 34 06 29 06 25 06 32 06 56 06
3B 06 35 06 3B 06 32 06 17 06 52 06 5F 06 52 06 74 06 7E 06 6C 06 3D 06 78 06 7B 06 68 06 60 06
39 06 69 06 69 06 63 06 73 06 23 06 6A 06 73 06 66 06 52 06 61 06 1B 06 4E 06 4C 06 50 06 54 06
80 06 7B 06 45 06 35 06 50 06 3D 06 4B 06 7C 06 58 06 55 06 53 06 50 06 47 06 3E 06 3C 06 2F 06
2B 06 20 06 2C 06 37 06 3F 06 29 06 3C 06 35 06 39 06 39 06 43 06 2F 06 3B 06 4A 06 51 06 1F 06
4B 06 52 06 4A 06 3E 06 23 06 42 06 52 06 58 06 55 06 33 06 34 06 63 06 61 06 6F 06 68 06 37 06
52 06 5B 06 61 06 61 06 57 06 62 06 21 06 55 06 5B 06 57 06 6A 06 5E 06 6E 06 63 06 4B 06 4D 06
55 06 35 06 E8 06 BA 06 F3 05 2F 05 30 05 6F 05 6A 06 A7 06 DC 06 FE 06 43 07 D4 06 5E 06 7C 05
97 05 11 06 B3 06 C9 06 84 06 F4 05 DF 05 E9 05 17 06 BC 05 15 06 63 06 71 06 1F 06 FC 05 AE 05
AE 05 0E 06 14 06 9C 05 F4 05 34 06 60 06 C3 06 C9 06 0F 07 ED 06 0D 07 33 07 53 07 92 07 93 07
AB 07 97 07 9A 07 F2 06 7C 06 77 06 A7 06 9A 06 54 06 43 06 1D 06 87 05 7F 05 97 05 A9 05 97 05
99 05 4B 05 1D 05 D7 04 62 05 87 05 D5 05 17 06 DE 05 76 05 CE 05 DF 05 60 05 44 05 8D 05 E9 05
23 06 69 06 B8 06 74 06 50 06 48 06 6B 06 D6 06 0B 07 DD 06 CB 06 F1 06 3E 07 46 07 A1 06 92 06
7A 06 8A 06 D2 06 F9 06 04 07 E2 06 EE 06 CF 06 74 06 95 06 B3 06 CB 06 CD 06 CE 06 74 06 73 06
42 06 1A 06 1A 06 26 06 E7 05 B2 05 96 05 75 05 55 05 57 05 8B 05 6D 05 75 05 33 05 55 05 8F 05
6D 05 B3 05 07 06 67 06 D0 06 BC 06 50 06 77 06 67 06 BE 06 A4 06 BC 06 95 06 A3 06 CB 06 EE 06
99 06 D1 06 9D 06 98 06 B3 06 F1 06 A3 06 8B 06 AE 06 BE 06 E2 06 B4 06 DE 06 61 06 9A 06 B4 06
9C 06 26 06 A0 06 B7 06 4A 06 4D 06 53 06 F9 05 57 06 86 06 11 06 C1 05 31 06 43 06 DE 05 08 06
1E 06 F7 05 E6 05 44 06 0C 06 34 06 4D 06 2B 06 41 06 2C 06 51 06 21 06 19 06 66 06 75 06 3E 06
71 06 87 06 70 06 68 06 50 06 5F 06 40 06 65 06 7C 06 68 06 7F 06 5D 06 37 06 47 06 2E 06 41 06
13 06 08 06 17 06 41 06 43 06 4B 06 1C 06 26 06 2E 06 4A 06 2C 06 E4 05 4A 06 4C 06 5B 06 6C 06
7E 06 60 06 48 06 61 06 7E 06 8B 06 75 06 6F 06 90 06 9D 06 B0 06 8A 06 47 06 AA 06 7F 06 54 06
5E 06 46 06 61 06 86 06 7F 06 51 06 48 06 79 06 61 06 21 06 27 06 1F 06 25 06 41 06 6A 06 02 06
1C 06 D8 05 05 06 ED 05 57 06 63 06 36 06 3E 06 41 06 27 06 7B 06 4F 06 4D 06 51 06 61 06 47 06
4F 06 71 06 92 06 7E 06 66 06 68 06 23 06 70 06 58 06 4E 06 6C 06 2D 06 6F 06 5D 06 61 06 60 06
2F 06 77 06 73 06 5F 06 6A 06 2B 06 8B 06 70 06 70 06 5A 06 4E 06 32 06 39 06 27 06 34 06 2C 06
36 06 12 06 36 06 2C 06 2C 06 21 06 3B 06 37 06 4F 06 63 06 59 06 3A 06 3F 06 1F 06 8B 06 47 06
5B 06 39 06 3D 06 3C 06 54 06 7F 06 87 06 6F 06 4D 06 24 06 25 06 1D 06 48 06 63 06 6B 06 4C 06
39 06 3F 06 4A 06 0A 06 3E 06 05 06 4E 06 48 06 3C 06 FF 05 1E 06 2F 06 5A 06 5B 06 63 06 2B 06
6E 06 4A 06 66 06 65 06 8B 06 82 06 7E 06 76 06 60 06 57 06 70 06 6E 06 7C 06 64 06 48 06 4F 06
71 06 4C 06 3D 06 48 06 43 06 7A 06 51 06 43 06 37 06 2B 06 47 06 7E 06 66 06 54 06 3F 06 4E 06
4C 06 44 06 9D 06 4F 06 55 06 25 06 2C 06 1D 06 1D 06 F3 05 31 06 47 06 43 06 1F 06 F2 05 E5 05
46 06 4E 06 52 06 F0 05 42 06 48 06 55 06 69 06 6B 06 60 06 29 06 6C 06 69 06 5F 06 5F 06 51 06
7D 06 81 06 70 06 63 06 25 06 5C 06 5B 06 56 06 66 06 56 06 31 06 2E 06 31 06 21 06 48 06 0D 06
21 06 29 06 3D 06 31 06 5B 06 1F 06 30 06 35 06 2E 06 34 06 34 06 57 06 13 06 14 06 04 06 04 06
19 06 0D 06 FD 05 0F 06 1C 06 55 06 15 06 19 06 19 06 0F 06 32 06 43 06 4F 06 56 06 6E 06 5E 06
40 06 4E 06 60 06 5C 06 54 06 17 06 57 06 5E 06 6F 06 6D 06 6D 06 62 06 51 06 7F 06 89 06 78 06
63 06 4E 06 56 06 52 06 57 06 5A 06 54 06 54 06 54 06 2D 06 49 06 54 06 54 06 4D 06 55 06 59 06
5F 06 8D 06 88 06 57 06 57 06 4A 06 59 06 4C 06 8B 06 6B 06 33 06 24 06 34 06 27 06 1F 06 40 06
03 06 07 06 20 06 18 06 0D 06 0B 06 3F 06 4B 06 43 06 42 06 5B 06 22 06 6F 06 66 06 6E 06 6A 06
3B 06 68 06 6F 06 58 06 66 06 22 06 69 06 6D 06 76 06 5F 06 66 06 1F 06 6B 06 6A 06 6A 06 5A 06
79 06 62 06 56 06 54 06 47 06 61 06 38 06 25 06 25 06 2F 06 35 06 1B 06 6B 06 19 06 31 06 2D 06
27 06 50 06 29 06 27 06 1E 06 0F 06 4B 06 18 06 13 06 0D 06 17 06 42 06 0D 06 17 06 14 06 14 06
14 06 1F 06 23 06 41 06 5F 06 3E 06 57 06 62 06 5C 06 6E 06 74 06 72 06 74 06 34 06 7E 06 6A 06
62 06 67 06 24 06 60 06 81 06 71 06 7A 06 2F 06 71 06 73 06 80 06 7E 06 7A 06 2F 06 7F 06 6B 06
67 06 52 06 61 06 34 06 3C 06 2C 06 29 06 21 06 2D 06 20 06 31 06 19 06 35 06 2F 06 33 06 5F 06
23 06 36 06 2E 06 FF 05 23 06 55 06 20 06 20 06 20 06 2F 06 2B 06 29 06 2C 06 39 06 31 06 43 06
2F 06 18 06 3D 06 43 06 53 06 63 06 17 06 5E 06 5A 06 5E 06 78 06 23 06 20 06 4F 06 48 06 52 06
1D 06 5B 06 68 06 63 06 7B 06 7F 06 5F 06 56 06 50 06 52 06 4C 06 4F 06 50 06 4B 06 42 06 46 06
3C 06 1C 06 2F 06 0D 06 17 06 25 06 25 06 56 06 1F 06 1B 06 1F 06 25 06 1F 06 1B 06 4C 06 24 06
2F 06 21 06 27 06 1C 06 5C 06 10 06 FF 05 03 06 05 06 05 06 3B 06 13 06 18 06 25 06 3E 06 45 06
64 06 61 06 7A 06 72 06 82 06 44 06 76 06 72 06 76 06 72 06 39 06 49 06 63 06 57 06 51 06 61 06
68 06 29 06 63 06 5B 06 63 06 5A 06 4E 06 52 06 5A 06 57 06 55 06 31 06 6C 06 5C 06 58 06 40 06
29 06 3A 06 1D 06 2C 06 21 06 23 06 6A 06 69 06 34 06 29 06 37 06 76 06 34 06 34 06 3D 06 25 06
35 06 27 06 44 06 2C 06 37 06 29 06 33 06 33 06 34 06 2D 06 3F 06 41 06 5E 06 41 06 5B 06 6E 06
63 06 31 06 43 06 44 06 60 06 72 06 6C 06 29 06 3D 06 5E 06 62 06 57 06 4F 06 4B 06 10 06 5E 06
56 06 4A 06 50 06 43 06 28 06 53 06 47 06 4B 06 4B 06 4C 06 68 06 40 06 4E 06 39 06 41 06 75 06
49 06 45 06 45 06 43 06 47 06 40 06 78 06 3B 06 43 06 50 06 56 06 8C 06 34 06 3B 06 34 06 47 06
83 06 4D 06 53 06 4F 06 41 06 51 06 59 06 5D 06 63 06 76 06 63 06 4B 06 71 06 76 06 7A 06 82 06
86 06 82 06 3B 06 66 06 62 06 70 06 6E 06 6B 06 6E 06 29 06 80 06 78 06 7F 06 76 06 55 06 62 06
80 06 83 06 86 06 7A 06 47 06 6E 06 6A 06 66 06 74 06 5C 06 6A 06 45 06 40 06 41 06 45 06 74 06
3D 06 47 06 44 06 45 06 37 06 76 06 30 06 48 06 36 06 3F 06 67 06 43 06 27 06 14 06 18 06 19 06
5A 06 1B 06 2D 06 38 06 41 06 39 06 27 06 43 06 46 06 51 06 52 06 32 06 5A 06 5E 06 5A 06 62 06
2F 06 46 06 58 06 5D 06 67 06 5B 06 1E 06 4C 06 59 06 5F 06 6E 06 4B 06 69 06 5D 06 73 06 63 06
56 06 72 06 62 06 46 06 5A 06 5E 06 4E 06 54 06 35 06 43 06 27 06 18 06 58 06 1D 06 2D 06 3D 06
27 06 54 06 2D 06 1B 06 1B 06 20 06 2F 06 41 06 33 06 2C 06 37 06 2C 06 34 06 1F 06 0F 06 27 06
39 06 31 06 47 06 72 06 47 06 3F 06 5B 06 69 06 57 06 5B 06 57 06 66 06 69 06 76 06 66 06 28 06
4C 06 72 06 67 06 72 06 66 06 73 06 39 06 77 06 6A 06 5F 06 5F 06 52 06 4B 06 52 06 50 06 3C 06
1F 06 26 06 2A 06 36 06 3C 06 45 06 62 06 41 06 39 06 31 06 71 06 76 06 3B 06 25 06 2D 06 2B 06
17 06 54 06 17 06 21 06 17 06 10 06 0E 06 4D 06 09 06 1C 06 11 06 07 06 0F 06 0C 06 5B 06 28 06
28 06 31 06 38 06 30 06 43 06 4B 06 52 06 4A 06 3E 06 48 06 13 06 36 06 38 06 4E 06 45 06 1D 06
4B 06 4A 06 6F 06 68 06 11 06 58 06 63 06 5B 06 5A 06 48 06 0C 06 5A 06 56 06 50 06 5B 06 66 06
4A 06 34 06 34 06 40 06 2D 06 40 06 4A 06 29 06 3B 06 29 06 17 06 60 06 26 06 1F 06 27 06 26 06
4E 06 23 06 05 06 07 06 0F 06 63 06 25 06 18 06 13 06 0F 06 1E 06 55 06 21 06 25 06 33 06 3E 06
23 06 4B 06 49 06 4F 06 6E 06 26 06 5A 06 5C 06 62 06 6C 06 62 06 75 06 2B 06 64 06 67 06 6B 06
69 06 1D 06 53 06 5F 06 5F 06 5F 06 15 06 4A 06 5E 06 52 06 52 06 58 06 24 06 47 06 42 06 44 06
51 06 32 06 19 06 1C 06 1C 06 0B 06 4E 06 23 06 12 06 1C 06 2D 06 25 06 41 06 1A 06 1E 06 10 06
0B 06 F3 05 1C 06 FC 05 05 06 FD 05 F7 05 42 06 0C 06 0C 06 29 06 29 06 2B 06 4B 06 5E 06 1F 06
4A 06 4A 06 62 06 6F 06 29 06 6A 06 86 06 70 06 6E 06 7D 06 3A 06 2D 06 6E 06 80 06 7B 06 58 06
14 06 83 06 6A 06 6B 06 6B 06 6A 06 72 06 67 06 50 06 6A 06 6E 06 56 06 54 06 64 06 4D 06 39 06
30 06 8F 06 51 06 33 06 28 06 3D 06 71 06 1F 06 2D 06 37 06 2C 06 49 06 57 06 21 06 07 06 0F 06
0C 06 5A 06 19 06 29 06 27 06 3C 06 38 06 35 06 31 06 4D 06 39 06 31 06 73 06 63 06 6A 06 86 06
66 06 80 06 19 06 42 06 6A 06 78 06 60 06 35 06 6C 06 67 06 5D 06 5E 06 32 06 53 06 6A 06 66 06
71 06 56 06 6B 06 7A 06 6A 06 70 06 5A 06 5A 06 6F 06 44 06 55 06 38 06 3C 06 2B 06 52 06 3C 06
2B 06 25 06 3B 06 43 06 33 06 52 06 3B 06 3B 06 22 06 26 06 54 06 2B 06 FD 05 27 06 0C 06 09 06
5B 06 21 06 05 06 2D 06 48 06 19 06 15 06 41 06 2F 06 30 06 51 06 34 06 35 06 56 06 5E 06 4E 06
62 06 3C 06 54 06 58 06 78 06 4F 06 15 06 43 06 6C 06 4D 06 6B 06 5E 06 67 06 6B 06 83 06 7B 06
52 06 86 06 7A 06 64 06 4F 06 6E 06 2E 06 52 06 64 06 5D 06 F5 05 45 06 96 06 49 06 19 06 57 06
3B 06 2D 06 60 06 4B 06 19 06 3C 06 34 06 FE 05 0C 06 BE 06 FC 05 06 06 67 06 09 06 E3 05 C2 06
5D 06 8C 05 21 06 AD 06 5A 06 06 06 33 06 69 06 BF 06 6A 06 B9 05 42 06 B4 06 82 06 F4 05 6E 06
96 06 18 06 41 06 76 06 56 06 4C 06 E8 05 3A 06 9A 06 83 06 F3 05 17 06 A0 06 4A 06 13 06 62 06
01 06 5A 06 4E 06 4A 06 FC 05 40 06 19 06 3E 06 E1 05 44 06 25 06 68 06 05 06 11 06 25 06 3E 06
48 06 07 06 46 06 3E 06 06 06 FC 05 27 06 6A 06 16 06 16 06 06 06 39 06 27 06 1D 06 2F 06 2D 06
1B 06 43 06 63 06 3B 06 23 06 59 06 77 06 20 06 66 06 6E 06 4A 06 5E 06 2E 06 2D 06 54 06 63 06
52 06 7B 06 4F 06 0C 06 21 06 D0 06 8A 06 57 06 3A 06 FB 06 1E 06 4B 06 42 06 AA 06 55 06 52 06
47 06 66 06 7C 06 40 06 38 06 87 06 48 06 1C 06 48 06 33 06 6B 06 5D 06 45 06 37 06 33 06 23 06
92 06 35 06 0C 06 36 06 29 06 27 06 58 06 34 06 2F 06 21 06 1C 06 2B 06 29 06 18 06 48 06 53 06
37 06 41 06 37 06 55 06 5B 06 6A 06 4E 06 15 06 60 06 6E 06 52 06 58 06 2B 06 33 06 57 06 5A 06
53 06 F6 05 37 06 68 06 48 06 5F 06 3E 06 19 06 33 06 6B 06 29 06 5E 06 22 06 5E 06 37 06 48 06
34 06 48 06 36 06 47 06 2D 06 08 06 3C 06 33 06 5B 06 25 06 2F 06 17 06 37 06 66 06 25 06 36 06
10 06 20 06 63 06 0F 06 0C 06 1D 06 23 06 3B 06 48 06 25 06 2F 06 51 06 25 06 33 06 55 06 60 06
5B 06 51 06 5A 06 7E 06 3D 06 66 06 72 06 76 06 76 06 74 06 51 06 7A 06 82 06 72 06 60 06 79 06
3F 06 56 06 52 06 7A 06 4D 06 53 06 52 06 66 06 56 06 55 06 62 06 6A 06 6C 06 48 06 44 06 29 06
37 06 6D 06 2C 06 34 06 2C 06 31 06 60 06 6B 06 1F 06 17 06 10 06 27 06 5F 06 26 06 1F 06 23 06
2C 06 34 06 16 06 1C 06 27 06 27 06 21 06 24 06 28 06 29 06 2D 06 41 06 6C 06 47 06 49 06 5E 06
6A 06 3A 06 17 06 4C 06 5C 06 67 06 5C 06 2B 06 25 06 6D 06 5E 06 62 06 6F 06 30 06 7A 06 7F 06
