5E 06 68 06 61 06 59 06 4B 06 49 06 4E 06 49 06 45 06 44 06 4A 06 42 06 42 06 3F 06 3D 06 44 06
3A 06 3A 06 32 06 36 06 28 06 48 06 77 06 4D 06 3F 06 49 06 53 06 6B 06 7A 06 51 06 82 06 74 06
82 06 A3 06 A9 06 B9 06 AB 06 6E 06 99 06 56 06 50 06 4C 06 9B 06 7E 06 7C 06 7E 06 58 06 8A 06
58 06 64 06 68 06 5C 06 9D 06 59 06 A2 06 A8 06 8A 06 5C 06 5C 06 5A 06 5B 06 63 06 A4 06 74 06
67 06 79 06 9A 06 62 06 5D 06 86 06 82 06 56 06 A6 06 9E 06 8F 06 8A 06 56 06 4F 06 65 06 50 06
8F 06 75 06 83 06 92 06 8C 06 8F 06 97 06 AA 06 A2 06 53 06 53 06 8E 06 4F 06 4E 06 54 06 4D 06
94 06 5C 06 53 06 5B 06 55 06 6C 06 45 06 8C 06 92 06 85 06 8D 06 A0 06 90 06 58 06 82 06 45 06
4B 06 94 06 87 06 8E 06 6F 06 93 06 92 06 81 06 8C 06 87 06 8B 06 8E 06 90 06 95 06 95 06 95 06
9D 06 9E 06 9F 06 5E 06 97 06 A8 06 9F 06 9A 06 97 06 8C 06 93 06 92 06 88 06 88 06 6F 06 75 06
61 06 69 06 50 06 5C 06 99 06 51 06 9A 06 85 06 9C 06 53 06 59 06 51 06 55 06 50 06 55 06 96 06
9E 06 94 06 4F 06 50 06 78 06 83 06 76 06 8A 06 43 06 7B 06 54 06 6C 06 5D 06 7B 06 71 06 54 06
42 06 28 06 26 06 71 06 78 06 78 06 62 06 33 06 46 06 38 06 4F 06 6B 06 7A 06 3C 06 7E 06 39 06
77 06 53 06 6F 06 29 06 21 06 5A 06 55 06 6E 06 72 06 73 06 3A 06 36 06 29 06 31 06 30 06 28 06
2C 06 5E 06 71 06 62 06 66 06 64 06 53 06 49 06 39 06 60 06 72 06 25 06 6A 06 2A 06 5E 06 28 06
26 06 5A 06 21 06 20 06 1D 06 28 06 57 06 2D 06 2C 06 34 06 3D 06 4B 06 3F 06 29 06 2B 06 31 06
25 06 6A 06 24 06 2D 06 31 06 35 06 35 06 39 06 36 06 4B 06 3D 06 48 06 52 06 4A 06 53 06 53 06
3C 06 52 06 53 06 56 06 55 06 5D 06 57 06 5D 06 60 06 73 06 6C 06 5E 06 29 06 2B 06 3D 06 61 06
5B 06 37 06 28 06 35 06 38 06 30 06 1E 06 28 06 4F 06 43 06 46 06 5B 06 45 06 1F 06 2B 06 53 06
69 06 28 06 5B 06 64 06 5A 06 4D 06 0D 06 19 06 27 06 2A 06 57 06 6A 06 60 06 5B 06 53 06 2C 06
21 06 57 06 57 06 67 06 09 06 4A 06 4C 06 5B 06 4C 06 53 06 18 06 1E 06 25 06 25 06 59 06 1C 06
31 06 46 06 19 06 4B 06 58 06 3D 06 2F 06 3F 06 27 06 59 06 18 06 4A 06 4B 06 08 06 04 06 4E 06
4D 06 4C 06 11 06 5A 06 5E 06 52 06 5F 06 11 06 56 06 58 06 0F 06 5A 06 1F 06 26 06 4E 06 52 06
5A 06 5C 06 57 06 18 06 0E 06 1E 06 1C 06 1C 06 1D 06 15 06 26 06 1A 06 17 06 14 06 4A 06 10 06
13 06 1E 06 16 06 16 06 1F 06 19 06 18 06 11 06 14 06 05 06 0D 06 15 06 15 06 67 06 25 06 1D 06
25 06 1D 06 2D 06 27 06 25 06 2B 06 2B 06 2F 06 3A 06 42 06 36 06 4B 06 47 06 34 06 53 06 4E 06
52 06 5D 06 4D 06 5B 06 53 06 4D 06 54 06 4D 06 61 06 61 06 64 06 67 06 2E 06 6D 06 66 06 5E 06
66 06 5C 06 61 06 5D 06 61 06 5A 06 5F 06 4E 06 51 06 35 06 2D 06 35 06 1C 06 19 06 21 06 15 06
1C 06 14 06 19 06 1C 06 14 06 0C 06 18 06 0A 06 0A 06 0E 06 0A 06 13 06 47 06 09 06 10 06 07 06
04 06 09 06 03 06 03 06 07 06 0D 06 15 06 19 06 15 06 22 06 30 06 54 06 1B 06 32 06 21 06 3A 06
3A 06 4B 06 4B 06 4F 06 4B 06 4B 06 52 06 4D 06 45 06 4D 06 4D 06 13 06 48 06 5C 06 4F 06 4D 06
4E 06 54 06 54 06 51 06 52 06 5A 06 52 06 66 06 5A 06 62 06 5D 06 1B 06 58 06 48 06 45 06 3C 06
4D 06 2F 06 41 06 3B 06 29 06 1C 06 1C 06 18 06 26 06 22 06 4A 06 24 06 26 06 28 06 2A 06 26 06
22 06 2B 06 2A 06 29 06 19 06 21 06 21 06 2F 06 2B 06 2B 06 62 06 29 06 23 06 2C 06 25 06 2B 06
30 06 34 06 31 06 2D 06 41 06 4A 06 4A 06 53 06 56 06 54 06 63 06 5B 06 4F 06 4B 06 57 06 49 06
4B 06 44 06 4D 06 5D 06 5C 06 64 06 6D 06 72 06 5F 06 2C 06 74 06 72 06 76 06 7A 06 76 06 87 06
87 06 77 06 73 06 5F 06 50 06 4E 06 4C 06 35 06 35 06 21 06 1D 06 2C 06 34 06 38 06 2A 06 1E 06
24 06 21 06 24 06 30 06 32 06 3A 06 3A 06 2B 06 65 06 28 06 28 06 67 06 46 06 29 06 29 06 39 06
39 06 37 06 3B 06 2D 06 35 06 3C 06 4B 06 56 06 86 06 5B 06 73 06 65 06 5E 06 6E 06 72 06 6F 06
6B 06 6B 06 6B 06 73 06 73 06 81 06 73 06 7F 06 3B 06 80 06 77 06 81 06 7A 06 7E 06 8E 06 8C 06
96 06 90 06 82 06 7E 06 82 06 85 06 87 06 39 06 7A 06 7B 06 7A 06 6A 06 65 06 59 06 4F 06 45 06
3D 06 35 06 2C 06 2E 06 30 06 2C 06 3A 06 7B 06 3C 06 36 06 32 06 2A 06 32 06 32 06 31 06 29 06
21 06 22 06 2D 06 29 06 2D 06 21 06 74 06 39 06 29 06 2D 06 3D 06 45 06 3E 06 45 06 43 06 43 06
58 06 59 06 5E 06 62 06 5A 06 60 06 55 06 68 06 69 06 62 06 64 06 6C 06 63 06 71 06 72 06 7A 06
72 06 6D 06 80 06 72 06 7A 06 6E 06 32 06 74 06 80 06 82 06 76 06 85 06 85 06 7B 06 78 06 72 06
72 06 7E 06 6D 06 5B 06 6C 06 50 06 61 06 4C 06 45 06 48 06 3C 06 32 06 47 06 49 06 41 06 3A 06
3A 06 3E 06 42 06 33 06 42 06 73 06 48 06 48 06 48 06 45 06 49 06 45 06 49 06 43 06 31 06 3D 06
45 06 4D 06 46 06 50 06 47 06 7E 06 6D 06 69 06 7E 06 7A 06 7E 06 7F 06 87 06 89 06 7B 06 83 06
7A 06 6F 06 7C 06 7F 06 46 06 7A 06 7E 06 80 06 75 06 7E 06 8A 06 8A 06 82 06 7D 06 86 06 7A 06
6E 06 76 06 7C 06 75 06 3C 06 6B 06 68 06 68 06 54 06 45 06 45 06 41 06 4B 06 3D 06 4C 06 4C 06
40 06 3E 06 42 06 62 06 34 06 29 06 35 06 28 06 32 06 3A 06 27 06 2F 06 1F 06 30 06 63 06 53 06
21 06 2B 06 3B 06 73 06 33 06 41 06 3F 06 40 06 45 06 40 06 47 06 47 06 4F 06 51 06 66 06 5A 06
72 06 62 06 5A 06 4C 06 63 06 5F 06 6A 06 67 06 6F 06 6F 06 73 06 77 06 74 06 6D 06 74 06 5C 06
59 06 6E 06 32 06 67 06 68 06 72 06 6A 06 6A 06 6B 06 59 06 5D 06 58 06 58 06 58 06 4F 06 55 06
3F 06 39 06 1D 06 2C 06 2D 06 2C 06 2C 06 2A 06 32 06 30 06 24 06 27 06 1E 06 1E 06 22 06 1A 06
26 06 23 06 69 06 3B 06 21 06 30 06 21 06 21 06 21 06 19 06 20 06 1C 06 23 06 21 06 1C 06 1C 06
20 06 5A 06 2B 06 3D 06 30 06 35 06 4E 06 52 06 42 06 4F 06 4B 06 53 06 44 06 58 06 44 06 5B 06
3D 06 0F 06 3C 06 3D 06 3C 06 3C 06 32 06 4C 06 42 06 47 06 48 06 48 06 42 06 42 06 4E 06 41 06
FF 05 3C 06 2E 06 2C 06 1E 06 21 06 1C 06 19 06 1D 06 19 06 F7 05 FD 05 08 06 12 06 08 06 0C 06
2A 06 10 06 08 06 0E 06 08 06 02 06 0E 06 F8 05 02 06 FC 05 05 06 FE 05 FC 05 F9 05 F1 05 F9 05
36 06 F5 05 F5 05 F7 05 04 06 05 06 0D 06 17 06 12 06 29 06 2E 06 3E 06 32 06 42 06 43 06 34 06
4B 06 4B 06 52 06 5A 06 52 06 4F 06 43 06 47 06 49 06 4E 06 47 06 54 06 4D 06 4E 06 52 06 0C 06
4E 06 52 06 4E 06 4A 06 4A 06 40 06 45 06 49 06 3E 06 3B 06 40 06 3F 06 34 06 28 06 1F 06 14 06
19 06 05 06 05 06 0C 06 0C 06 14 06 10 06 11 06 01 06 FE 05 03 06 F6 05 F2 05 F2 05 36 06 F3 05
F3 05 46 06 37 06 FB 05 FB 05 F5 05 FD 05 F9 05 F3 05 F4 05 05 06 04 06 FC 05 FF 05 3A 06 07 06
1D 06 23 06 1F 06 1B 06 2E 06 27 06 3B 06 2F 06 35 06 38 06 35 06 33 06 29 06 FA 05 33 06 31 06
31 06 34 06 FB 05 36 06 F9 05 42 06 3E 06 0A 06 07 06 FD 05 FD 05 0E 06 0C 06 29 06 10 06 09 06
3E 06 3B 06 41 06 1D 06 3B 06 07 06 0F 06 14 06 47 06 5A 06 4D 06 4D 06 54 06 1E 06 0B 06 0D 06
08 06 0A 06 39 06 52 06 56 06 4F 06 4F 06 5A 06 15 06 4B 06 49 06 11 06 09 06 52 06 4F 06 37 06
09 06 10 06 0E 06 14 06 10 06 43 06 4B 06 25 06 36 06 0F 06 32 06 39 06 0B 06 34 06 24 06 27 06
4A 06 12 06 04 06 4B 06 0C 06 4C 06 3E 06 3C 06 3F 06 05 06 4E 06 40 06 38 06 38 06 41 06 19 06
18 06 27 06 0A 06 0A 06 07 06 15 06 10 06 2F 06 46 06 0E 06 4C 06 4F 06 03 06 1C 06 0C 06 14 06
0E 06 14 06 10 06 10 06 0C 06 08 06 04 06 FA 05 08 06 0B 06 0F 06 3F 06 0A 06 08 06 FF 05 03 06
09 06 FB 05 05 06 13 06 1B 06 08 06 25 06 39 06 2C 06 30 06 5E 06 14 06 13 06 FF 05 2A 06 37 06
3B 06 1E 06 52 06 6E 06 66 06 5A 06 60 06 5E 06 5E 06 18 06 4F 06 19 06 57 06 21 06 1E 06 3E 06
4B 06 15 06 1B 06 57 06 19 06 27 06 25 06 5A 06 56 06 5A 06 54 06 0D 06 0F 06 17 06 21 06 2C 06
60 06 3D 06 6A 06 6C 06 3F 06 29 06 6F 06 30 06 67 06 55 06 34 06 6B 06 7E 06 6E 06 29 06 39 06
30 06 2E 06 3C 06 71 06 73 06 71 06 74 06 7A 06 80 06 75 06 38 06 35 06 2C 06 5C 06 34 06 3F 06
4D 06 50 06 50 06 7A 06 59 06 82 06 35 06 4C 06 73 06 44 06 42 06 77 06 84 06 82 06 8A 06 3B 06
82 06 51 06 7D 06 6A 06 7D 06 88 06 80 06 7E 06 52 06 87 06 7B 06 8C 06 8A 06 82 06 86 06 79 06
7D 06 80 06 8D 06 7E 06 78 06 77 06 6F 06 65 06 53 06 59 06 55 06 51 06 4F 06 5C 06 5E 06 44 06
4A 06 38 06 41 06 52 06 82 06 41 06 86 06 90 06 85 06 85 06 51 06 5B 06 6B 06 69 06 61 06 6E 06
6E 06 6F 06 3F 06 59 06 55 06 35 06 4D 06 3B 06 7B 06 44 06 61 06 87 06 45 06 50 06 48 06 86 06
8E 06 7B 06 7C 06 5E 06 51 06 55 06 4F 06 68 06 58 06 4D 06 45 06 45 06 49 06 9A 06 84 06 88 06
90 06 60 06 5D 06 8F 06 83 06 69 06 7D 06 41 06 40 06 6C 06 6D 06 96 06 45 06 45 06 49 06 4E 06
51 06 50 06 87 06 4D 06 4C 06 4C 06 44 06 4C 06 4A 06 44 06 48 06 7E 06 6B 06 42 06 7A 06 55 06
92 06 3D 06 5E 06 6D 06 5F 06 62 06 68 06 6F 06 5C 06 71 06 32 06 3D 06 37 06 6D 06 6D 06 40 06
4D 06 62 06 51 06 5A 06 67 06 68 06 6F 06 6B 06 6B 06 66 06 5E 06 65 06 69 06 6F 06 76 06 72 06
80 06 74 06 71 06 74 06 76 06 32 06 62 06 71 06 76 06 6A 06 6E 06 6E 06 6A 06 4A 06 61 06 48 06
5F 06 2D 06 38 06 38 06 63 06 2A 06 2B 06 23 06 22 06 14 06 57 06 14 06 6C 06 5C 06 1C 06 5F 06
1B 06 15 06 57 06 1A 06 1C 06 25 06 4F 06 56 06 39 06 28 06 19 06 0F 06 29 06 54 06 5F 06 60 06
70 06 70 06 35 06 34 06 28 06 3C 06 47 06 63 06 18 06 64 06 28 06 62 06 1D 06 25 06 32 06 3B 06
6E 06 72 06 57 06 24 06 35 06 28 06 1E 06 27 06 27 06 16 06 5E 06 19 06 3F 06 57 06 54 06 1B 06
4A 06 52 06 52 06 0D 06 1E 06 09 06 38 06 17 06 51 06 4B 06 2D 06 4D 06 48 06 13 06 18 06 0B 06
12 06 40 06 0A 06 09 06 40 06 FF 05 0F 06 10 06 12 06 0E 06 18 06 13 06 19 06 1B 06 09 06 06 06
08 06 09 06 4C 06 03 06 FD 05 05 06 01 06 09 06 15 06 1C 06 24 06 1E 06 39 06 31 06 3E 06 46 06
4A 06 4F 06 44 06 53 06 4F 06 52 06 1E 06 30 06 26 06 21 06 2C 06 2A 06 30 06 61 06 60 06 68 06
5E 06 30 06 4B 06 47 06 3D 06 35 06 40 06 56 06 39 06 1E 06 1F 06 43 06 4A 06 42 06 5E 06 4A 06
51 06 4A 06 02 06 18 06 19 06 56 06 23 06 30 06 2B 06 3B 06 3A 06 4A 06 4F 06 57 06 55 06 1E 06
1D 06 1C 06 24 06 5E 06 35 06 18 06 23 06 4A 06 48 06 3A 06 53 06 19 06 19 06 12 06 5F 06 5A 06
0E 06 56 06 46 06 4B 06 12 06 14 06 2E 06 42 06 1C 06 4E 06 4F 06 4F 06 48 06 50 06 1D 06 49 06
2B 06 31 06 1F 06 5E 06 16 06 4C 06 41 06 38 06 24 06 19 06 05 06 1B 06 46 06 3F 06 1F 06 14 06
29 06 51 06 48 06 40 06 32 06 34 06 34 06 2F 06 2B 06 28 06 14 06 23 06 1C 06 19 06 1C 06 36 06
1E 06 1D 06 18 06 28 06 1C 06 12 06 12 06 0E 06 1F 06 19 06 19 06 12 06 10 06 08 06 21 06 0F 06
10 06 34 06 41 06 34 06 52 06 21 06 3E 06 49 06 4B 06 43 06 4C 06 4C 06 10 06 00 06 36 06 08 06
42 06 08 06 28 06 58 06 18 06 44 06 0B 06 33 06 14 06 15 06 48 06 4F 06 5A 06 5F 06 3D 06 0E 06
12 06 12 06 04 06 18 06 14 06 28 06 26 06 3B 06 42 06 0C 06 3D 06 FC 05 3F 06 FD 05 FE 05 37 06
32 06 30 06 FF 05 FC 05 08 06 0C 06 45 06 2E 06 2B 06 3A 06 2F 06 3B 06 2F 06 37 06 3C 06 FF 05
FC 05 46 06 10 06 07 06 09 06 09 06 3B 06 08 06 04 06 FD 05 00 06 13 06 FD 05 03 06 36 06 3A 06
39 06 42 06 45 06 10 06 4C 06 09 06 FD 05 46 06 43 06 42 06 3B 06 36 06 3D 06 0C 06 4A 06 4E 06
59 06 54 06 55 06 4F 06 52 06 4E 06 3A 06 50 06 51 06 46 06 56 06 4A 06 01 06 3F 06 3F 06 38 06
38 06 2C 06 2E 06 24 06 24 06 FD 05 09 06 0C 06 39 06 46 06 41 06 09 06 4F 06 40 06 4D 06 03 06
11 06 05 06 09 06 09 06 1D 06 4F 06 66 06 61 06 62 06 19 06 43 06 1F 06 46 06 4C 06 11 06 51 06
28 06 41 06 41 06 61 06 65 06 32 06 33 06 21 06 5C 06 62 06 6A 06 33 06 5D 06 29 06 32 06 32 06
2E 06 66 06 6A 06 2A 06 6F 06 35 06 6D 06 5E 06 5F 06 2F 06 35 06 29 06 55 06 74 06 78 06 6F 06
29 06 31 06 2A 06 24 06 1F 06 25 06 66 06 5F 06 54 06 59 06 57 06 51 06 53 06 53 06 3C 06 6F 06
77 06 3A 06 3E 06 48 06 7D 06 52 06 7A 06 7E 06 45 06 4D 06 87 06 4A 06 7E 06 53 06 4C 06 48 06
66 06 72 06 62 06 3D 06 3D 06 30 06 31 06 30 06 45 06 4F 06 92 06 5A 06 5D 06 53 06 63 06 6A 06
72 06 7E 06 83 06 87 06 91 06 8E 06 93 06 98 06 95 06 5C 06 A0 06 96 06 93 06 A4 06 A4 06 A5 06
B4 06 71 06 A9 06 75 06 8F 06 AB 06 71 06 7C 06 68 06 85 06 78 06 75 06 75 06 78 06 AF 06 A3 06
70 06 A2 06 8D 06 71 06 77 06 78 06 B5 06 7C 06 82 06 B3 06 BC 06 B5 06 79 06 71 06 78 06 7A 06
8F 06 AF 06 AF 06 AB 06 B3 06 AB 06 80 06 AD 06 79 06 9F 06 69 06 A3 06 6A 06 93 06 79 06 93 06
60 06 5B 06 65 06 68 06 93 06 A4 06 8A 06 8E 06 9F 06 7E 06 75 06 65 06 75 06 5D 06 54 06 52 06
51 06 93 06 8A 06 45 06 8D 06 85 06 87 06 48 06 6D 06 88 06 91 06 91 06 89 06 55 06 86 06 34 06
3A 06 3E 06 47 06 44 06 48 06 77 06 42 06 44 06 84 06 3A 06 48 06 38 06 44 06 48 06 4A 06 46 06
44 06 40 06 47 06 42 06 3C 06 46 06 36 06 7A 06 40 06 39 06 4F 06 48 06 50 06 48 06 49 06 3B 06
45 06 47 06 4B 06 4D 06 4D 06 45 06 7E 06 47 06 56 06 55 06 4B 06 46 06 44 06 80 06 3F 06 61 06
4D 06 7A 06 8A 06 74 06 81 06 76 06 30 06 38 06 23 06 2D 06 2C 06 67 06 66 06 2D 06 4C 06 15 06
6A 06 3C 06 62 06 37 06 36 06 45 06 38 06 6C 06 58 06 64 06 19 06 27 06 20 06 20 06 25 06 29 06
25 06 59 06 4D 06 14 06 04 06 1B 06 19 06 5F 06 19 06 4E 06 3F 06 62 06 5E 06 21 06 25 06 1F 06
28 06 1F 06 5E 06 5A 06 55 06 17 06 55 06 50 06 34 06 35 06 10 06 14 06 33 06 19 06 33 06 29 06
38 06 23 06 1D 06 4E 06 53 06 4E 06 24 06 4B 06 2F 06 2C 06 5E 06 52 06 5E 06 62 06 29 06 63 06
59 06 56 06 58 06 50 06 1F 06 66 06 61 06 64 06 6C 06 64 06 6A 06 66 06 62 06 5C 06 4F 06 55 06
59 06 4A 06 3D 06 39 06 25 06 3D 06 38 06 2C 06 20 06 24 06 29 06 22 06 24 06 1A 06 20 06 26 06
21 06 1E 06 2A 06 24 06 39 06 5F 06 30 06 15 06 56 06 5F 06 4A 06 42 06 46 06 46 06 51 06 59 06
5A 06 2F 06 21 06 23 06 2A 06 4D 06 4E 06 52 06 1A 06 3B 06 17 06 13 06 07 06 0C 06 52 06 4C 06
4D 06 4F 06 56 06 24 06 24 06 28 06 2A 06 26 06 62 06 26 06 21 06 14 06 5E 06 41 06 22 06 2C 06
39 06 34 06 34 06 6E 06 52 06 52 06 27 06 28 06 4C 06 4C 06 56 06 1D 06 25 06 1F 06 27 06 36 06
3B 06 13 06 1E 06 2A 06 22 06 60 06 24 06 24 06 28 06 24 06 58 06 29 06 1E 06 21 06 18 06 54 06
1B 06 26 06 57 06 52 06 4F 06 59 06 63 06 49 06 4F 06 1B 06 28 06 61 06 62 06 5F 06 4A 06 4B 06
4A 06 58 06 4A 06 53 06 56 06 5A 06 5A 06 63 06 66 06 6B 06 65 06 72 06 66 06 6D 06 5B 06 6D 06
6C 06 38 06 6A 06 6A 06 78 06 6D 06 6E 06 7A 06 72 06 74 06 67 06 6F 06 34 06 5E 06 69 06 32 06
77 06 35 06 6A 06 2A 06 39 06 2B 06 38 06 34 06 2C 06 68 06 69 06 62 06 64 06 2C 06 1D 06 5E 06
6A 06 6C 06 2B 06 66 06 34 06 66 06 63 06 56 06 56 06 2F 06 21 06 3D 06 76 06 76 06 77 06 32 06
5E 06 30 06 1D 06 1C 06 26 06 32 06 5E 06 4B 06 5C 06 21 06 57 06 11 06 1D 06 16 06 16 06 1B 06
66 06 5B 06 6A 06 4F 06 30 06 2C 06 34 06 33 06 23 06 28 06 39 06 3F 06 5F 06 6C 06 3B 06 20 06
59 06 52 06 4F 06 46 06 5E 06 4F 06 44 06 37 06 5B 06 6E 06 25 06 2B 06 19 06 22 06 3A 06 05 06
54 06 05 06 43 06 42 06 11 06 11 06 24 06 10 06 28 06 23 06 1C 06 29 06 21 06 2D 06 65 06 20 06
25 06 21 06 2B 06 2C 06 2D 06 3D 06 3E 06 3D 06 43 06 49 06 5E 06 4F 06 52 06 52 06 5E 06 67 06
6F 06 77 06 78 06 83 06 73 06 79 06 79 06 6F 06 7F 06 7A 06 80 06 84 06 88 06 48 06 8A 06 7E 06
86 06 79 06 7A 06 88 06 72 06 76 06 6F 06 81 06 73 06 62 06 5A 06 54 06 51 06 25 06 3D 06 33 06
35 06 24 06 35 06 2F 06 32 06 28 06 1A 06 1F 06 28 06 28 06 2E 06 2C 06 61 06 28 06 33 06 28 06
27 06 22 06 22 06 28 06 1D 06 2F 06 29 06 35 06 23 06 29 06 2D 06 34 06 70 06 3C 06 3C 06 3F 06
47 06 49 06 5A 06 66 06 5A 06 6B 06 77 06 6B 06 6F 06 6F 06 7B 06 73 06 45 06 75 06 77 06 77 06
72 06 71 06 7C 06 75 06 72 06 82 06 77 06 7D 06 78 06 7E 06 78 06 2B 06 73 06 77 06 7A 06 7A 06
78 06 6A 06 72 06 61 06 5D 06 59 06 49 06 44 06 3F 06 3D 06 4C 06 53 06 3E 06 46 06 3C 06 35 06
3A 06 2A 06 28 06 2E 06 2F 06 2B 06 2F 06 29 06 28 06 25 06 20 06 6C 06 21 06 29 06 35 06 35 06
3F 06 45 06 37 06 3D 06 33 06 3A 06 45 06 53 06 62 06 62 06 68 06 62 06 6B 06 65 06 69 06 60 06
66 06 68 06 60 06 67 06 6F 06 73 06 6A 06 6D 06 6D 06 6A 06 38 06 6A 06 72 06 7B 06 74 06 7A 06
7E 06 7A 06 72 06 65 06 6F 06 72 06 6A 06 5D 06 5C 06 35 06 58 06 55 06 59 06 4D 06 49 06 3D 06
38 06 34 06 3A 06 34 06 44 06 39 06 40 06 48 06 38 06 72 06 2E 06 1B 06 22 06 33 06 1A 06 34 06
25 06 33 06 2B 06 37 06 3C 06 33 06 31 06 41 06 41 06 6D 06 47 06 57 06 54 06 82 06 53 06 68 06
66 06 6E 06 7B 06 77 06 7B 06 83 06 7D 06 78 06 59 06 81 06 7B 06 83 06 84 06 83 06 85 06 94 06
86 06 8A 06 8E 06 82 06 7E 06 7E 06 7E 06 86 06 43 06 84 06 85 06 81 06 7E 06 78 06 6E 06 55 06
60 06 55 06 63 06 49 06 3C 06 3F 06 45 06 35 06 66 06 3A 06 36 06 3A 06 3C 06 3D 06 34 06 4A 06
36 06 3E 06 2E 06 38 06 38 06 35 06 23 06 6C 06 2F 06 3D 06 3B 06 35 06 30 06 2C 06 45 06 41 06
3B 06 40 06 4B 06 56 06 69 06 63 06 6A 06 78 06 5A 06 6D 06 5B 06 61 06 53 06 6B 06 65 06 69 06
61 06 61 06 63 06 67 06 67 06 6C 06 27 06 76 06 6E 06 6A 06 72 06 6E 06 5F 06 5E 06 5E 06 54 06
5A 06 5D 06 5D 06 60 06 4A 06 48 06 15 06 45 06 3D 06 21 06 28 06 24 06 1D 06 14 06 22 06 24 06
20 06 1D 06 18 06 19 06 28 06 1E 06 52 06 27 06 22 06 2B 06 28 06 1E 06 25 06 20 06 27 06 2F 06
2D 06 31 06 29 06 35 06 2D 06 70 06 3C 06 36 06 36 06 30 06 2D 06 4E 06 5E 06 5E 06 56 06 56 06
61 06 57 06 5F 06 59 06 52 06 14 06 4B 06 62 06 61 06 56 06 5B 06 5D 06 54 06 57 06 4D 06 52 06
5A 06 55 06 58 06 5C 06 5E 06 0C 06 3A 06 43 06 41 06 2E 06 38 06 38 06 48 06 29 06 2D 06 35 06
2D 06 1C 06 0C 06 14 06 11 06 12 06 10 06 10 06 15 06 12 06 0A 06 06 06 0A 06 FF 05 0A 06 0F 06
18 06 21 06 19 06 18 06 65 06 23 06 15 06 21 06 21 06 23 06 1D 06 25 06 37 06 36 06 33 06 28 06
5E 06 3D 06 4A 06 5E 06 52 06 57 06 5F 06 61 06 5E 06 52 06 48 06 49 06 49 06 49 06 53 06 4E 06
57 06 55 06 55 06 28 06 5E 06 6A 06 5A 06 6C 06 5F 06 5E 06 6A 06 6A 06 66 06 59 06 62 06 68 06
62 06 63 06 5E 06 33 06 4D 06 3D 06 35 06 29 06 34 06 2C 06 25 06 36 06 36 06 39 06 37 06 34 06
38 06 2A 06 6F 06 3E 06 34 06 39 06 3B 06 39 06 39 06 29 06 2D 06 33 06 29 06 2F 06 29 06 30 06
28 06 29 06 71 06 46 06 40 06 47 06 3F 06 3D 06 40 06 48 06 52 06 46 06 4B 06 53 06 53 06 5A 06
52 06 64 06 35 06 60 06 67 06 70 06 74 06 7C 06 6F 06 77 06 7A 06 82 06 86 06 75 06 80 06 78 06
72 06 38 06 6E 06 7B 06 75 06 6D 06 73 06 6E 06 84 06 5B 06 59 06 4C 06 3F 06 3C 06 3D 06 30 06
3D 06 4B 06 40 06 3E 06 39 06 3A 06 38 06 38 06 23 06 1A 06 23 06 23 06 18 06 28 06 1C 06 21 06
60 06 1D 06 19 06 19 06 11 06 1D 06 25 06 2D 06 31 06 44 06 3C 06 37 06 39 06 3B 06 4B 06 66 06
68 06 5A 06 5E 06 63 06 6F 06 61 06 61 06 59 06 58 06 4F 06 63 06 5F 06 5A 06 65 06 61 06 57 06
24 06 5C 06 57 06 55 06 5F 06 43 06 58 06 57 06 5F 06 65 06 57 06 65 06 5B 06 58 06 5A 06 21 06
56 06 3C 06 3D 06 39 06 29 06 15 06 0C 06 04 06 10 06 07 06 10 06 01 06 FD 05 0A 06 00 06 3B 06
06 06 FA 05 02 06 FB 05 08 06 FF 05 FF 05 0D 06 0D 06 03 06 FF 05 01 06 F1 05 FF 05 07 06 3E 06
01 06 19 06 06 06 15 06 33 06 2A 06 2A 06 32 06 41 06 42 06 3B 06 43 06 4F 06 49 06 21 06 53 06
4F 06 56 06 5E 06 53 06 6C 06 5D 06 61 06 6C 06 66 06 67 06 6D 06 75 06 6E 06 78 06 28 06 6F 06
7C 06 6B 06 5A 06 5E 06 56 06 4E 06 53 06 44 06 1C 06 58 06 2F 06 2A 06 29 06 57 06 24 06 29 06
5E 06 60 06 67 06 74 06 36 06 77 06 6E 06 39 06 6E 06 34 06 61 06 3B 06 76 06 3D 06 66 06 72 06
39 06 33 06 4B 06 7E 06 7C 06 90 06 8A 06 8A 06 54 06 54 06 44 06 3A 06 58 06 38 06 2F 06 75 06
38 06 79 06 73 06 45 06 1B 06 23 06 7A 06 72 06 6C 06 6B 06 5A 06 30 06 62 06 2E 06 28 06 38 06
2A 06 37 06 68 06 66 06 66 06 43 06 6E 06 67 06 6B 06 68 06 5E 06 39 06 29 06 30 06 84 06 7F 06
5B 06 43 06 89 06 3B 06 41 06 45 06 2D 06 75 06 39 06 6B 06 3C 06 5C 06 8C 06 4D 06 4B 06 43 06
43 06 48 06 47 06 3D 06 41 06 3F 06 41 06 3B 06 41 06 3F 06 4C 06 8D 06 4F 06 4D 06 50 06 53 06
65 06 69 06 72 06 7A 06 62 06 7F 06 6F 06 89 06 71 06 89 06 6F 06 4F 06 3B 06 7E 06 38 06 83 06
47 06 3C 06 75 06 78 06 5F 06 5F 06 55 06 60 06 4D 06 82 06 50 06 4A 06 63 06 7C 06 67 06 39 06
55 06 3F 06 78 06 3F 06 80 06 74 06 73 06 30 06 43 06 4C 06 52 06 84 06 6D 06 6E 06 6E 06 77 06
7F 06 96 06 87 06 85 06 81 06 3F 06 51 06 4D 06 55 06 84 06 81 06 8C 06 47 06 72 06 64 06 6F 06
83 06 3C 06 3D 06 40 06 7E 06 7A 06 7C 06 71 06 68 06 68 06 26 06 21 06 52 06 6F 06 33 06 5E 06
60 06 43 06 4D 06 18 06 24 06 5E 06 2A 06 4E 06 23 06 20 06 53 06 1D 06 41 06 3C 06 3B 06 31 06
27 06 25 06 52 06 53 06 57 06 26 06 21 06 48 06 4C 06 21 06 44 06 3F 06 2C 06 2D 06 2D 06 29 06
25 06 24 06 24 06 2E 06 1C 06 24 06 1B 06 15 06 4B 06 18 06 0A 06 13 06 28 06 18 06 19 06 1A 06
18 06 0F 06 17 06 23 06 25 06 54 06 2C 06 45 06 34 06 86 06 78 06 73 06 73 06 67 06 74 06 75 06
6D 06 6C 06 2F 06 5E 06 38 06 30 06 6A 06 7B 06 44 06 82 06 20 06 61 06 36 06 63 06 29 06 2F 06
58 06 5C 06 6F 06 6D 06 60 06 32 06 38 06 6D 06 3B 06 3D 06 63 06 5B 06 5A 06 5A 06 58 06 28 06
72 06 2A 06 63 06 2A 06 66 06 6E 06 63 06 2C 06 11 06 1D 06 2C 06 26 06 52 06 63 06 67 06 5B 06
61 06 52 06 13 06 5E 06 32 06 08 06 50 06 4C 06 0D 06 19 06 1B 06 09 06 43 06 52 06 05 06 50 06
13 06 18 06 14 06 0F 06 18 06 55 06 1E 06 4D 06 47 06 20 06 5A 06 15 06 14 06 52 06 5C 06 68 06
55 06 67 06 57 06 54 06 54 06 4C 06 14 06 4F 06 5A 06 4E 06 50 06 4C 06 4C 06 56 06 42 06 3E 06
39 06 39 06 2B 06 28 06 38 06 F9 05 2F 06 27 06 1B 06 17 06 11 06 F5 05 FD 05 33 06 2D 06 2B 06
3C 06 4C 06 36 06 40 06 33 06 37 06 ED 05 01 06 F9 05 04 06 0D 06 45 06 47 06 31 06 45 06 F5 05
42 06 5E 06 51 06 28 06 49 06 F8 05 F6 05 F5 05 E4 05 3B 06 12 06 1D 06 1F 06 FF 05 2F 06 2A 06
14 06 08 06 FF 05 EB 05 18 06 E8 05 E8 05 1F 06 3A 06 2A 06 35 06 E1 05 0E 06 0E 06 16 06 ED 05
E9 05 0F 06 FD 05 3A 06 EB 05 33 06 DF 05 ED 05 E5 05 D5 05 EF 05 E7 05 2F 06 2B 06 17 06 21 06
2F 06 03 06 F9 05 03 06 F1 05 FD 05 1A 06 FC 05 26 06 2F 06 4C 06 08 06 37 06 02 06 0F 06 09 06
0A 06 10 06 4A 06 43 06 0C 06 04 06 2A 06 39 06 37 06 FC 05 0D 06 11 06 1C 06 21 06 19 06 15 06
23 06 21 06 2E 06 51 06 3A 06 40 06 4F 06 53 06 57 06 53 06 68 06 48 06 55 06 56 06 4F 06 57 06
59 06 55 06 24 06 64 06 57 06 5E 06 54 06 21 06 58 06 2C 06 29 06 4F 06 25 06 38 06 58 06 33 06
31 06 28 06 60 06 39 06 2D 06 78 06 69 06 6F 06 3C 06 77 06 4B 06 28 06 5E 06 32 06 65 06 58 06
6C 06 32 06 3F 06 2D 06 32 06 3B 06 25 06 67 06 67 06 69 06 66 06 6E 06 5E 06 66 06 5F 06 5C 06
30 06 57 06 27 06 6B 06 3D 06 6F 06 42 06 38 06 42 06 40 06 79 06 74 06 6B 06 73 06 30 06 49 06
58 06 39 06 45 06 3C 06 3D 06 33 06 2D 06 80 06 5A 06 3B 06 75 06 86 06 80 06 77 06 3C 06 76 06
40 06 76 06 72 06 55 06 77 06 3F 06 72 06 42 06 44 06 3A 06 3B 06 6B 06 33 06 72 06 78 06 41 06
70 06 2D 06 3A 06 37 06 38 06 30 06 29 06 30 06 2A 06 22 06 2A 06 30 06 3A 06 38 06 31 06 34 06
72 06 33 06 33 06 3D 06 33 06 3F 06 3F 06 45 06 3F 06 47 06 45 06 41 06 47 06 51 06 53 06 75 06
57 06 3F 06 48 06 7C 06 33 06 61 06 3A 06 79 06 80 06 7E 06 80 06 79 06 6F 06 48 06 33 06 62 06
2B 06 75 06 59 06 5A 06 61 06 0F 06 4F 06 52 06 4F 06 5B 06 65 06 5E 06 26 06 17 06 1E 06 1E 06
39 06 1F 06 48 06 5D 06 44 06 3D 06 35 06 15 06 08 06 16 06 52 06 52 06 57 06 61 06 4D 06 1E 06
30 06 2A 06 29 06 22 06 11 06 5E 06 15 06 17 06 5A 06 29 06 4F 06 1E 06 38 06 57 06 4D 06 4C 06
4B 06 43 06 12 06 12 06 19 06 21 06 5A 06 27 06 17 06 27 06 31 06 31 06 11 06 54 06 0F 06 14 06
0E 06 3E 06 08 06 FA 05 46 06 03 06 1E 06 4B 06 08 06 4D 06 12 06 4F 06 09 06 18 06 35 06 5B 06
52 06 4B 06 4D 06 15 06 14 06 0B 06 10 06 4C 06 4D 06 55 06 42 06 4B 06 4F 06 4F 06 53 06 43 06
4E 06 54 06 4F 06 16 06 4F 06 62 06 64 06 5F 06 65 06 67 06 6E 06 72 06 64 06 64 06 66 06 6A 06
72 06 66 06 61 06 25 06 6A 06 5F 06 5C 06 5F 06 69 06 76 06 63 06 32 06 25 06 50 06 73 06 31 06
30 06 31 06 38 06 74 06 39 06 74 06 6F 06 6E 06 74 06 38 06 6E 06 75 06 42 06 6A 06 29 06 68 06
30 06 62 06 2B 06 69 06 6B 06 29 06 25 06 37 06 74 06 7E 06 7E 06 82 06 85 06 3B 06 4A 06 4A 06
41 06 6E 06 44 06 35 06 87 06 42 06 86 06 4E 06 50 06 44 06 3A 06 81 06 82 06 7C 06 6D 06 72 06
40 06 7B 06 42 06 46 06 46 06 3B 06 5B 06 5A 06 86 06 7F 06 6B 06 81 06 78 06 73 06 75 06 5A 06
99 06 55 06 69 06 96 06 9B 06 65 06 85 06 5E 06 61 06 61 06 5B 06 59 06 96 06 5D 06 6D 06 75 06
64 06 A8 06 72 06 61 06 5C 06 51 06 4F 06 59 06 4F 06 59 06 59 06 49 06 45 06 50 06 65 06 67 06
9A 06 6B 06 70 06 70 06 86 06 8A 06 8E 06 8E 06 92 06 8D 06 8B 06 89 06 8B 06 88 06 8D 06 99 06
5A 06 54 06 73 06 4D 06 82 06 72 06 50 06 49 06 7C 06 6F 06 69 06 5D 06 5C 06 55 06 6B 06 72 06
83 06 7A 06 84 06 76 06 41 06 50 06 89 06 5D 06 7A 06 88 06 73 06 73 06 3F 06 38 06 3A 06 62 06
68 06 76 06 6F 06 73 06 7B 06 6E 06 81 06 78 06 82 06 76 06 39 06 4F 06 3A 06 62 06 78 06 6F 06
32 06 32 06 4D 06 3D 06 6B 06 63 06 46 06 3E 06 33 06 68 06 6F 06 6F 06 68 06 68 06 23 06 35 06
28 06 63 06 68 06 2A 06 69 06 40 06 61 06 73 06 2D 06 6A 06 6F 06 6C 06 6F 06 20 06 2E 06 23 06
6C 06 41 06 3C 06 30 06 2D 06 4D 06 3A 06 6C 06 65 06 34 06 28 06 1B 06 3F 06 47 06 3D 06 4B 06
45 06 34 06 30 06 24 06 32 06 2C 06 32 06 29 06 30 06 32 06 38 06 22 06 26 06 5E 06 1B 06 1D 06
1F 06 21 06 18 06 2B 06 21 06 1D 06 11 06 21 06 14 06 0D 06 28 06 19 06 25 06 1D 06 19 06 5F 06
1A 06 58 06 67 06 5C 06 5F 06 64 06 5E 06 16 06 18 06 23 06 1B 06 49 06 55 06 3A 06 4D 06 0D 06
57 06 21 06 57 06 1D 06 25 06 3F 06 2D 06 60 06 66 06 60 06 21 06 20 06 5E 06 19 06 21 06 5C 06
5F 06 52 06 53 06 59 06 18 06 60 06 12 06 59 06 1F 06 6A 06 6A 06 66 06 30 06 29 06 23 06 1D 06
28 06 44 06 5F 06 5E 06 5D 06 61 06 61 06 5B 06 59 06 5F 06 15 06 64 06 58 06 17 06 17 06 1D 06
1D 06 2F 06 1B 06 27 06 1D 06 21 06 14 06 40 06 58 06 52 06 54 06 15 06 56 06 62 06 24 06 5A 06
26 06 30 06 6A 06 5E 06 59 06 4F 06 5C 06 54 06 55 06 54 06 52 06 1E 06 5A 06 5E 06 5C 06 64 06
6E 06 5F 06 55 06 57 06 59 06 48 06 3A 06 53 06 3C 06 44 06 20 06 2F 06 1C 06 2D 06 1C 06 28 06
19 06 2A 06 24 06 5C 06 4E 06 5D 06 15 06 29 06 58 06 4D 06 56 06 20 06 27 06 33 06 31 06 37 06
54 06 43 06 3A 06 34 06 05 06 53 06 57 06 4F 06 1D 06 24 06 1E 06 11 06 0C 06 0A 06 4C 06 4D 06
42 06 46 06 05 06 38 06 2F 06 24 06 13 06 05 06 17 06 17 06 08 06 03 06 28 06 45 06 FD 05 2D 06
FD 05 25 06 41 06 40 06 13 06 23 06 04 06 25 06 4F 06 1C 06 4E 06 13 06 F9 05 FB 05 F9 05 01 06
F0 05 3E 06 3B 06 19 06 14 06 35 06 FC 05 FE 05 18 06 02 06 2A 06 32 06 FE 05 FE 05 0F 06 38 06
02 06 38 06 3F 06 29 06 21 06 2D 06 2D 06 49 06 40 06 04 06 0A 06 37 06 33 06 43 06 16 06 1E 06
1E 06 20 06 1A 06 2B 06 2D 06 26 06 42 06 3B 06 2D 06 43 06 47 06 43 06 3B 06 55 06 4D 06 53 06
4F 06 4A 06 51 06 4C 06 45 06 4E 06 56 06 12 06 4E 06 5C 06 4C 06 56 06 1F 06 47 06 26 06 12 06
43 06 0F 06 36 06 16 06 19 06 13 06 0A 06 40 06 1A 06 14 06 4F 06 4D 06 52 06 1A 06 20 06 3A 06
FB 05 3D 06 0A 06 47 06 25 06 4E 06 53 06 5C 06 1B 06 08 06 09 06 12 06 42 06 3A 06 4C 06 4E 06
56 06 13 06 52 06 3B 06 24 06 27 06 29 06 12 06 4F 06 2A 06 4F 06 11 06 19 06 26 06 1C 06 56 06
5F 06 4F 06 5E 06 24 06 2D 06 28 06 40 06 23 06 1A 06 22 06 19 06 13 06 6C 06 66 06 1D 06 67 06
6E 06 66 06 6C 06 40 06 67 06 28 06 67 06 6C 06 52 06 68 06 33 06 30 06 38 06 2A 06 30 06 2A 06
6A 06 2F 06 6F 06 77 06 28 06 69 06 35 06 42 06 37 06 30 06 3E 06 38 06 30 06 36 06 37 06 33 06
3F 06 32 06 37 06 35 06 25 06 74 06 35 06 2F 06 25 06 39 06 45 06 37 06 45 06 46 06 36 06 45 06
4B 06 5A 06 5A 06 5A 06 62 06 38 06 37 06 2A 06 74 06 3D 06 39 06 28 06 6A 06 64 06 63 06 5D 06
6B 06 5D 06 23 06 23 06 6E 06 25 06 67 06 2D 06 23 06 34 06 49 06 6C 06 55 06 6C 06 6E 06 4E 06
3A 06 2A 06 4D 06 4C 06 28 06 2C 06 35 06 3A 06 3B 06 30 06 2C 06 41 06 65 06 6F 06 2B 06 23 06
6B 06 25 06 62 06 6D 06 30 06 25 06 5E 06 6E 06 3B 06 58 06 2D 06 29 06 39 06 6C 06 72 06 72 06
67 06 6D 06 6A 06 2C 06 34 06 41 06 4B 06 3A 06 5E 06 62 06 6A 06 73 06 30 06 30 06 7E 06 7E 06
4D 06 49 06 54 06 4D 06 4D 06 7C 06 79 06 6B 06 62 06 39 06 3F 06 79 06 63 06 4D 06 45 06 35 06
72 06 6A 06 28 06 76 06 6A 06 6A 06 62 06 4F 06 5C 06 4D 06 44 06 44 06 3D 06 39 06 28 06 34 06
38 06 3A 06 4E 06 1C 06 28 06 17 06 23 06 1E 06 2A 06 2A 06 28 06 23 06 23 06 2B 06 41 06 54 06
5F 06 60 06 25 06 5D 06 3C 06 59 06 4F 06 59 06 59 06 61 06 59 06 34 06 1D 06 67 06 2C 06 5A 06
6F 06 25 06 6E 06 38 06 69 06 34 06 35 06 2B 06 33 06 72 06 74 06 6B 06 6E 06 56 06 2C 06 26 06
2A 06 67 06 38 06 6C 06 35 06 47 06 42 06 6E 06 30 06 21 06 2C 06 4E 06 31 06 6D 06 72 06 69 06
55 06 2A 06 1E 06 29 06 25 06 5F 06 3F 06 45 06 5A 06 58 06 5A 06 60 06 20 06 6C 06 2A 06 26 06
29 06 2A 06 28 06 29 06 29 06 62 06 30 06 21 06 2B 06 20 06 60 06 28 06 2B 06 6C 06 62 06 2C 06
63 06 65 06 34 06 5B 06 21 06 23 06 6D 06 6D 06 72 06 6B 06 73 06 6F 06 72 06 68 06 6B 06 39 06
65 06 73 06 74 06 7C 06 76 06 6D 06 6A 06 6C 06 6E 06 7A 06 72 06 6A 06 7A 06 76 06 6E 06 28 06
69 06 68 06 6B 06 68 06 59 06 5C 06 59 06 3A 06 63 06 6F 06 2B 06 7A 06 3B 06 6B 06 65 06 27 06
25 06 1B 06 33 06 21 06 5E 06 67 06 63 06 64 06 1B 06 29 06 5B 06 2A 06 5F 06 1D 06 19 06 29 06
4A 06 4C 06 60 06 5F 06 34 06 2E 06 23 06 66 06 72 06 71 06 68 06 65 06 52 06 26 06 5B 06 1F 06
4F 06 5F 06 19 06 5F 06 18 06 5A 06 2B 06 2B 06 08 06 0F 06 4B 06 50 06 60 06 1E 06 43 06 18 06
FF 05 FF 05 03 06 F9 05 FF 05 0C 06 3A 06 55 06 48 06 2E 06 35 06 2C 06 25 06 04 06 3E 06 52 06
2B 06 11 06 0C 06 45 06 18 06 10 06 3B 06 1C 06 1B 06 19 06 0C 06 56 06 5C 06 29 06 1C 06 19 06
2D 06 21 06 18 06 15 06 0D 06 11 06 0F 06 09 06 03 06 15 06 24 06 11 06 52 06 1C 06 23 06 29 06
39 06 40 06 4A 06 36 06 4A 06 3F 06 47 06 43 06 4F 06 40 06 3F 06 45 06 14 06 43 06 4B 06 47 06
41 06 45 06 4A 06 41 06 46 06 4D 06 49 06 52 06 52 06 52 06 46 06 03 06 3F 06 44 06 3F 06 3E 06
3A 06 25 06 29 06 2F 06 19 06 0D 06 FD 05 FD 05 F5 05 FC 05 08 06 2B 06 06 06 04 06 06 06 02 06
0A 06 F8 05 FA 05 02 06 F2 05 FB 05 FF 05 18 06 FD 05 07 06 01 06 44 06 FF 05 F9 05 FC 05 07 06
04 06 05 06 1A 06 12 06 10 06 1D 06 10 06 20 06 23 06 36 06 33 06 33 06 33 06 39 06 43 06 3A 06
3F 06 46 06 4B 06 57 06 4E 06 56 06 56 06 4D 06 4C 06 56 06 12 06 52 06 5E 06 67 06 5A 06 72 06
6A 06 6F 06 6A 06 5D 06 5F 06 4E 06 5F 06 5F 06 5A 06 25 06 38 06 2F 06 38 06 2D 06 28 06 24 06
24 06 26 06 28 06 24 06 24 06 15 06 13 06 12 06 14 06 5A 06 16 06 1B 06 22 06 1B 06 24 06 1F 06
29 06 19 06 1D 06 19 06 19 06 19 06 17 06 1D 06 26 06 60 06 26 06 33 06 35 06 2D 06 46 06 42 06
42 06 42 06 4B 06 58 06 4B 06 52 06 58 06 4D 06 1C 06 57 06 57 06 5A 06 5C 06 55 06 55 06 55 06
5A 06 5A 06 56 06 55 06 55 06 5A 06 5A 06 56 06 13 06 55 06 59 06 5A 06 48 06 4A 06 3C 06 38 06
2F 06 2D 06 20 06 29 06 19 06 24 06 1C 06 16 06 33 06 10 06 10 06 14 06 14 06 14 06 16 06 0A 06
16 06 13 06 12 06 08 06 0C 06 08 06 02 06 40 06 15 06 15 06 10 06 14 06 10 06 21 06 09 06 15 06
22 06 20 06 2B 06 36 06 3B 06 3A 06 42 06 42 06 4F 06 39 06 4B 06 47 06 4F 06 4F 06 55 06 45 06
49 06 52 06 49 06 4D 06 45 06 4F 06 18 06 4E 06 57 06 5E 06 55 06 48 06 46 06 46 06 4A 06 39 06
41 06 45 06 38 06 31 06 38 06 28 06 FD 05 0F 06 13 06 11 06 05 06 FD 05 02 06 02 06 02 06 00 06
FC 05 F5 05 ED 05 F4 05 FE 05 FA 05 38 06 06 06 03 06 F9 05 F8 05 F4 05 04 06 FB 05 01 06 FF 05
0B 06 05 06 14 06 05 06 0D 06 41 06 1A 06 1D 06 21 06 2B 06 39 06 36 06 3E 06 3E 06 43 06 4E 06
43 06 52 06 3D 06 46 06 45 06 15 06 4F 06 4F 06 50 06 47 06 54 06 4D 06 52 06 62 06 57 06 62 06
66 06 6E 06 68 06 6A 06 61 06 1F 06 56 06 57 06 4D 06 4A 06 3E 06 3F 06 3F 06 3C 06 2F 06 25 06
31 06 1F 06 25 06 26 06 33 06 1D 06 32 06 31 06 36 06 1E 06 2E 06 32 06 2B 06 2E 06 33 06 3B 06
2F 06 2C 06 25 06 29 06 70 06 25 06 2B 06 2B 06 3B 06 35 06 47 06 41 06 4D 06 3F 06 50 06 43 06
53 06 5A 06 53 06 68 06 6A 06 72 06 77 06 7A 06 78 06 74 06 75 06 77 06 75 06 82 06 7E 06 8D 06
80 06 7D 06 75 06 40 06 82 06 7A 06 72 06 80 06 80 06 80 06 88 06 7F 06 80 06 7D 06 82 06 7E 06
6F 06 71 06 6C 06 45 06 64 06 61 06 59 06 55 06 4C 06 4C 06 4C 06 48 06 50 06 54 06 55 06 5C 06
5E 06 58 06 98 06 52 06 4B 06 4B 06 4F 06 48 06 44 06 45 06 51 06 55 06 59 06 49 06 51 06 3D 06
3D 06 4C 06 90 06 68 06 63 06 69 06 5D 06 6B 06 61 06 7B 06 47 06 7A 06 7B 06 6B 06 83 06 7A 06
7B 06 77 06 3F 06 79 06 7B 06 7A 06 6D 06 80 06 7C 06 84 06 82 06 86 06 77 06 7C 06 7C 06 7A 06
86 06 3D 06 82 06 77 06 88 06 7A 06 7F 06 74 06 74 06 65 06 6D 06 64 06 51 06 48 06 59 06 3D 06
40 06 58 06 44 06 3B 06 38 06 37 06 38 06 2D 06 42 06 38 06 42 06 3B 06 33 06 38 06 34 06 30 06
5F 06 25 06 2B 06 31 06 35 06 2D 06 1F 06 31 06 35 06 35 06 32 06 37 06 43 06 41 06 4B 06 5E 06
68 06 46 06 5B 06 61 06 53 06 53 06 4F 06 58 06 4D 06 57 06 4C 06 51 06 51 06 4D 06 4C 06 46 06
0C 06 42 06 47 06 4C 06 3C 06 41 06 42 06 40 06 39 06 3B 06 3B 06 2E 06 3B 06 32 06 3B 06 0D 06
2F 06 21 06 15 06 4A 06 19 06 14 06 FF 05 12 06 0A 06 07 06 17 06 19 06 14 06 18 06 10 06 4A 06
1B 06 13 06 1A 06 0B 06 0F 06 0A 06 0E 06 18 06 0B 06 11 06 0F 06 19 06 15 06 31 06 29 06 6A 06
30 06 24 06 2B 06 41 06 3F 06 46 06 52 06 52 06 56 06 63 06 6D 06 67 06 68 06 62 06 1D 06 61 06
63 06 5F 06 70 06 6A 06 74 06 65 06 68 06 57 06 62 06 68 06 77 06 74 06 86 06 6F 06 40 06 6E 06
73 06 5B 06 5B 06 4F 06 44 06 49 06 44 06 4F 06 3B 06 39 06 2D 06 35 06 35 06 4B 06 30 06 1C 06
28 06 29 06 27 06 2E 06 2C 06 2A 06 1E 06 23 06 20 06 18 06 22 06 28 06 28 06 74 06 2D 06 2B 06
2F 06 2D 06 2D 06 29 06 31 06 2E 06 36 06 2C 06 33 06 3D 06 43 06 52 06 4E 06 13 06 5E 06 63 06
69 06 73 06 72 06 68 06 6A 06 65 06 67 06 67 06 68 06 63 06 6D 06 6D 06 38 06 6F 06 7A 06 73 06
76 06 75 06 7D 06 7E 06 7E 06 8E 06 7C 06 7C 06 73 06 72 06 6A 06 64 06 3C 06 5B 06 74 06 85 06
75 06 79 06 50 06 55 06 75 06 3B 06 39 06 39 06 3D 06 3B 06 37 06 34 06 7B 06 78 06 82 06 3D 06
7C 06 79 06 49 06 6D 06 2D 06 77 06 3C 06 5D 06 55 06 73 06 79 06 78 06 37 06 39 06 76 06 7A 06
6E 06 69 06 5B 06 5D 06 21 06 25 06 1C 06 4F 06 5D 06 1A 06 56 06 4B 06 49 06 4F 06 2B 06 11 06
0C 06 4B 06 4B 06 56 06 4A 06 49 06 1A 06 10 06 13 06 0F 06 3D 06 0D 06 31 06 53 06 3F 06 3A 06
42 06 2F 06 2D 06 4E 06 39 06 4B 06 27 06 1B 06 0A 06 56 06 18 06 1C 06 0D 06 49 06 0F 06 FF 05
05 06 10 06 42 06 17 06 17 06 0B 06 10 06 22 06 2B 06 0C 06 4C 06 0B 06 0F 06 03 06 05 06 11 06
0B 06 14 06 14 06 1A 06 20 06 1B 06 25 06 33 06 2F 06 48 06 46 06 4F 06 58 06 53 06 53 06 5A 06
57 06 5B 06 4F 06 5B 06 4F 06 52 06 54 06 15 06 52 06 5D 06 1C 06 11 06 1F 06 5A 06 1C 06 2D 06
2C 06 24 06 30 06 63 06 30 06 4B 06 4E 06 4A 06 3D 06 5F 06 25 06 32 06 6F 06 51 06 46 06 79 06
72 06 72 06 35 06 44 06 48 06 50 06 6F 06 87 06 64 06 79 06 73 06 77 06 7A 06 7A 06 76 06 7D 06
36 06 5E 06 3C 06 75 06 5C 06 79 06 33 06 36 06 42 06 45 06 79 06 79 06 4D 06 55 06 36 06 6E 06
78 06 68 06 78 06 67 06 89 06 5A 06 9F 06 6F 06 95 06 39 06 7D 06 80 06 77 06 64 06 33 06 29 06
86 06 2A 06 7B 06 45 06 7D 06 4D 06 4C 06 46 06 2C 06 40 06 3B 06 66 06 50 06 7C 06 8A 06 74 06
46 06 40 06 51 06 51 06 51 06 44 06 4C 06 61 06 4A 06 46 06 42 06 40 06 38 06 42 06 38 06 38 06
42 06 3B 06 33 06 3B 06 40 06 3F 06 80 06 35 06 45 06 33 06 3D 06 3F 06 3C 06 3D 06 54 06 49 06
54 06 3B 06 45 06 3E 06 7E 06 72 06 42 06 84 06 7C 06 86 06 86 06 8A 06 82 06 7C 06 4C 06 3B 06
4E 06 6A 06 49 06 40 06 80 06 43 06 47 06 43 06 83 06 45 06 49 06 55 06 59 06 80 06 8A 06 73 06
2D 06 2F 06 2F 06 3F 06 49 06 6C 06 7B 06 71 06 7F 06 5B 06 3E 06 82 06 34 06 7A 06 28 06 77 06
6A 06 84 06 7C 06 3D 06 39 06 7B 06 3E 06 59 06 77 06 78 06 7B 06 6F 06 69 06 6E 06 68 06 69 06
23 06 2F 06 4C 06 27 06 71 06 3F 06 35 06 68 06 74 06 3B 06 6A 06 2B 06 2C 06 52 06 63 06 76 06
86 06 7E 06 7D 06 78 06 72 06 6E 06 40 06 43 06 77 06 6F 06 78 06 75 06 82 06 8D 06 78 06 7A 06
82 06 86 06 82 06 86 06 3D 06 89 06 96 06 7B 06 83 06 7B 06 7A 06 73 06 68 06 4F 06 6F 06 60 06
59 06 54 06 4D 06 59 06 4A 06 52 06 52 06 52 06 4A 06 97 06 88 06 8E 06 55 06 7B 06 95 06 92 06
5C 06 6B 06 7B 06 9D 06 96 06 92 06 9C 06 98 06 8C 06 8C 06 64 06 6B 06 A1 06 98 06 60 06 81 06
55 06 54 06 56 06 76 06 95 06 8E 06 93 06 8B 06 5D 06 7D 06 69 06 6C 06 68 06 5C 06 58 06 58 06
45 06 4F 06 7E 06 84 06 97 06 7B 06 49 06 6D 06 8E 06 82 06 57 06 69 06 58 06 54 06 8A 06 98 06
A1 06 57 06 8A 06 4C 06 49 06 55 06 3F 06 92 06 87 06 5D 06 62 06 96 06 8D 06 4E 06 4D 06 4D 06
94 06 75 06 42 06 50 06 53 06 9A 06 4B 06 8F 06 4A 06 66 06 6B 06 63 06 72 06 78 06 8B 06 56 06
53 06 74 06 83 06 8D 06 50 06 57 06 59 06 6B 06 5F 06 7E 06 82 06 82 06 86 06 85 06 83 06 8A 06
96 06 65 06 8A 06 93 06 8D 06 93 06 7C 06 84 06 8D 06 97 06 8A 06 77 06 86 06 80 06 8C 06 86 06
39 06 72 06 56 06 8B 06 79 06 60 06 9D 06 49 06 86 06 50 06 46 06 36 06 30 06 2A 06 2B 06 73 06
48 06 7A 06 7C 06 40 06 6C 06 5E 06 2B 06 77 06 30 06 66 06 3B 06 72 06 6C 06 30 06 37 06 1F 06
60 06 1E 06 4D 06 4E 06 52 06 56 06 57 06 15 06 5A 06 29 06 15 06 27 06 45 06 47 06 3C 06 36 06
3D 06 05 06 01 06 0D 06 04 06 44 06 3F 06 3C 06 35 06 17 06 1F 06 22 06 2A 06 24 06 17 06 46 06
0F 06 07 06 4E 06 56 06 15 06 45 06 4E 06 5A 06 4E 06 29 06 4A 06 54 06 4D 06 40 06 4A 06 45 06
19 06 FD 05 10 06 13 06 13 06 09 06 47 06 08 06 48 06 4F 06 13 06 13 06 09 06 18 06 43 06 08 06
F6 05 F8 05 06 06 0B 06 01 06 F9 05 09 06 05 06 09 06 07 06 EF 05 F5 05 00 06 10 06 4C 06 1D 06
12 06 25 06 13 06 25 06 29 06 3A 06 46 06 46 06 46 06 56 06 61 06 66 06 26 06 67 06 5F 06 36 06
25 06 18 06 52 06 65 06 6F 06 68 06 61 06 5C 06 29 06 31 06 26 06 37 06 74 06 2F 06 33 06 2A 06
52 06 73 06 52 06 6D 06 62 06 63 06 30 06 38 06 45 06 5C 06 86 06 50 06 55 06 82 06 45 06 52 06
24 06 5E 06 6E 06 72 06 29 06 35 06 73 06 4F 06 88 06 47 06 4C 06 4E 06 40 06 7F 06 7B 06 7B 06
4B 06 48 06 4C 06 87 06 90 06 8C 06 7E 06 96 06 8A 06 99 06 56 06 7F 06 8A 06 54 06 77 06 7F 06
8A 06 83 06 56 06 6D 06 9A 06 92 06 93 06 58 06 8B 06 8A 06 52 06 51 06 7A 06 8C 06 80 06 50 06
75 06 92 06 8A 06 55 06 5C 06 58 06 92 06 81 06 88 06 93 06 88 06 53 06 7E 06 80 06 74 06 61 06
58 06 55 06 4D 06 54 06 5E 06 63 06 67 06 64 06 5C 06 64 06 58 06 93 06 5A 06 62 06 5B 06 42 06
4F 06 50 06 58 06 45 06 77 06 84 06 7E 06 82 06 58 06 9A 06 5B 06 92 06 88 06 88 06 95 06 95 06
9C 06 5C 06 66 06 98 06 66 06 97 06 92 06 80 06 8E 06 4E 06 55 06 49 06 67 06 58 06 4E 06 A0 06
8D 06 92 06 94 06 86 06 59 06 52 06 52 06 52 06 56 06 9A 06 8A 06 59 06 67 06 7C 06 42 06 37 06
38 06 69 06 45 06 7E 06 8E 06 7A 06 7A 06 48 06 50 06 40 06 2E 06 74 06 57 06 5A 06 6B 06 76 06
57 06 57 06 23 06 67 06 1A 06 27 06 6C 06 29 06 1F 06 5B 06 25 06 68 06 34 06 1D 06 21 06 20 06
44 06 2F 06 2D 06 5F 06 37 06 61 06 5B 06 58 06 3E 06 5C 06 19 06 0B 06 5C 06 6E 06 7E 06 6A 06
64 06 62 06 59 06 57 06 67 06 57 06 62 06 65 06 2C 06 6C 06 68 06 6E 06 7A 06 74 06 6E 06 70 06
72 06 6A 06 64 06 71 06 75 06 5F 06 5A 06 5A 06 29 06 5C 06 5D 06 61 06 63 06 46 06 8C 06 83 06
38 06 76 06 45 06 7C 06 35 06 33 06 2F 06 76 06 2D 06 38 06 7E 06 69 06 67 06 6E 06 1B 06 39 06
67 06 56 06 68 06 29 06 52 06 28 06 48 06 25 06 5B 06 63 06 52 06 3C 06 40 06 77 06 72 06 78 06
6E 06 79 06 76 06 40 06 3A 06 38 06 6E 06 42 06 56 06 7A 06 34 06 6B 06 5B 06 58 06 25 06 37 06
68 06 5C 06 72 06 76 06 69 06 3C 06 72 06 38 06 33 06 26 06 28 06 2A 06 4E 06 68 06 63 06 6E 06
5D 06 51 06 45 06 4F 06 85 06 7E 06 65 06 48 06 3E 06 78 06 3E 06 2C 06 62 06 3B 06 35 06 35 06
3F 06 84 06 4B 06 4C 06 50 06 95 06 71 06 8E 06 69 06 61 06 64 06 5D 06 59 06 64 06 55 06 57 06
57 06 50 06 5D 06 3B 06 59 06 81 06 6E 06 72 06 86 06 87 06 8B 06 A1 06 A3 06 9A 06 9E 06 93 06
91 06 77 06 7E 06 7F 06 7C 06 50 06 83 06 7B 06 4D 06 5D 06 71 06 42 06 56 06 5D 06 6C 06 5C 06
52 06 57 06 3C 06 33 06 6E 06 31 06 6B 06 59 06 2B 06 45 06 28 06 60 06 2F 06 61 06 6A 06 66 06
71 06 29 06 33 06 2C 06 63 06 41 06 62 06 64 06 60 06 68 06 61 06 2C 06 6E 06 51 06 58 06 0B 06
40 06 4E 06 4F 06 44 06 63 06 23 06 2A 06 31 06 2C 06 6F 06 66 06 4B 06 46 06 3D 06 56 06 5A 06
50 06 48 06 4F 06 3F 06 68 06 23 06 4F 06 47 06 01 06 40 06 4A 06 59 06 4D 06 1D 06 56 06 77 06
2D 06 78 06 27 06 3B 06 1B 06 25 06 16 06 0A 06 11 06 10 06 4A 06 1D 06 5E 06 6E 06 2A 06 22 06
1A 06 31 06 35 06 1C 06 10 06 0E 06 14 06 14 06 0C 06 21 06 12 06 0E 06 0A 06 08 06 FA 05 03 06
11 06 0B 06 52 06 08 06 F5 05 FF 05 15 06 0B 06 05 06 05 06 FD 05 14 06 21 06 2A 06 33 06 73 06
3C 06 40 06 32 06 25 06 48 06 08 06 42 06 4E 06 4A 06 52 06 57 06 62 06 21 06 14 06 1B 06 11 06
56 06 1D 06 26 06 68 06 2F 06 72 06 35 06 5F 06 24 06 21 06 14 06 14 06 56 06 4D 06 52 06 19 06
15 06 57 06 1B 06 1C 06 56 06 1D 06 4D 06 65 06 28 06 1D 06 39 06 21 06 5C 06 10 06 4B 06 4E 06
5E 06 1A 06 1D 06 10 06 0E 06 17 06 1D 06 3D 06 4B 06 56 06 48 06 4D 06 5C 06 4A 06 3F 06 20 06
66 06 33 06 15 06 11 06 17 06 1A 06 0C 06 10 06 29 06 46 06 46 06 17 06 4B 06 43 06 38 06 5C 06
0B 06 52 06 5A 06 1B 06 41 06 29 06 3A 06 40 06 48 06 48 06 5C 06 5E 06 56 06 57 06 5C 06 0B 06
52 06 57 06 62 06 62 06 57 06 58 06 58 06 53 06 4F 06 3D 06 3F 06 2C 06 25 06 29 06 14 06 17 06
1D 06 24 06 12 06 12 06 09 06 FC 05 04 06 F8 05 05 06 42 06 54 06 24 06 21 06 4D 06 56 06 4E 06
1F 06 15 06 2A 06 22 06 41 06 38 06 34 06 5E 06 3B 06 1D 06 4D 06 56 06 43 06 0C 06 4B 06 08 06
F9 05 FA 05 F7 05 3A 06 36 06 2F 06 40 06 FF 05 10 06 0C 06 10 06 0C 06 0C 06 3C 06 33 06 FD 05
F9 05 2E 06 0F 06 E0 05 F3 05 E9 05 F5 05 0F 06 21 06 FF 05 05 06 F0 05 F0 05 13 06 DB 05 2A 06
EB 05 F7 05 05 06 FC 05 11 06 F7 05 EA 05 30 06 EF 05 F8 05 31 06 F0 05 DD 05 27 06 F8 05 3E 06
28 06 02 06 0A 06 10 06 4A 06 08 06 F4 05 3B 06 FB 05 26 06 2E 06 40 06 2C 06 21 06 F6 05 E3 05
1F 06 25 06 2F 06 15 06 23 06 38 06 3A 06 40 06 4E 06 62 06 67 06 79 06 45 06 62 06 68 06 5F 06
64 06 5A 06 47 06 60 06 4E 06 64 06 4C 06 5C 06 6E 06 69 06 6A 06 6E 06 23 06 5E 06 5E 06 54 06
51 06 64 06 63 06 71 06 63 06 5C 06 47 06 41 06 45 06 38 06 25 06 2D 06 30 06 28 06 32 06 3C 06
45 06 3C 06 37 06 42 06 28 06 1E 06 22 06 1E 06 2F 06 30 06 23 06 51 06 20 06 21 06 20 06 29 06
21 06 2D 06 41 06 3D 06 30 06 40 06 45 06 4B 06 41 06 47 06 51 06 6B 06 53 06 5A 06 6A 06 63 06
67 06 58 06 5A 06 5F 06 58 06 5F 06 6D 06 73 06 73 06 7F 06 84 06 46 06 84 06 7C 06 87 06 7E 06
7B 06 84 06 89 06 86 06 86 06 76 06 72 06 74 06 73 06 73 06 43 06 82 06 7D 06 6C 06 74 06 60 06
60 06 61 06 54 06 44 06 44 06 4E 06 50 06 6C 06 57 06 5D 06 83 06 4E 06 4A 06 42 06 5D 06 4B 06
53 06 68 06 5F 06 59 06 58 06 59 06 41 06 2B 06 20 06 6C 06 34 06 4C 06 54 06 54 06 57 06 37 06
4D 06 4D 06 5B 06 76 06 76 06 76 06 7F 06 8F 06 83 06 59 06 6A 06 6A 06 69 06 63 06 61 06 6F 06
81 06 6C 06 6D 06 75 06 6E 06 52 06 65 06 64 06 57 06 20 06 62 06 72 06 74 06 6E 06 62 06 65 06
53 06 4B 06 44 06 48 06 31 06 2F 06 2F 06 21 06 1C 06 0C 06 24 06 20 06 2C 06 27 06 2C 06 1D 06
2B 06 1E 06 2A 06 16 06 16 06 08 06 0B 06 0D 06 56 06 19 06 19 06 15 06 0F 06 1B 06 19 06 20 06
1D 06 21 06 21 06 34 06 36 06 36 06 37 06 4B 06 6C 06 52 06 42 06 3A 06 4B 06 52 06 53 06 4B 06
50 06 58 06 5B 06 5B 06 61 06 67 06 5F 06 1F 06 09 06 42 06 54 06 56 06 5E 06 64 06 57 06 6C 06
5E 06 5E 06 56 06 54 06 57 06 4D 06 4F 06 0B 06 4C 06 4C 06 41 06 2D 06 39 06 2D 06 28 06 24 06
1F 06 1F 06 24 06 27 06 30 06 24 06 57 06 30 06 28 06 1E 06 17 06 10 06 08 06 0F 06 12 06 14 06
1E 06 0F 06 19 06 19 06 29 06 19 06 56 06 25 06 11 06 09 06 2F 06 1A 06 31 06 0B 06 43 06 3E 06
4A 06 46 06 4F 06 53 06 53 06 49 06 25 06 38 06 4B 06 4B 06 63 06 5A 06 62 06 5F 06 6D 06 65 06
59 06 4C 06 5A 06 55 06 57 06 1B 06 54 06 5E 06 56 06 5C 06 5F 06 61 06 5D 06 4E 06 50 06 50 06
3F 06 3D 06 3C 06 25 06 21 06 26 06 1C 06 1C 06 2A 06 22 06 2A 06 26 06 24 06 2B 06 2C 06 1A 06
1A 06 1E 06 1A 06 18 06 0B 06 4D 06 08 06 0B 06 05 06 FF 05 05 06 09 06 09 06 05 06 05 06 19 06
33 06 1F 06 1A 06 1F 06 48 06 26 06 2A 06 32 06 3A 06 37 06 37 06 2B 06 2F 06 3E 06 3E 06 2F 06
45 06 49 06 47 06 54 06 16 06 4F 06 4C 06 52 06 44 06 42 06 50 06 4C 06 54 06 56 06 52 06 5C 06
51 06 67 06 4F 06 15 06 58 06 5C 06 44 06 45 06 3D 06 2F 06 21 06 1C 06 0D 06 10 06 08 06 13 06
1A 06 10 06 0D 06 33 06 FE 05 04 06 FA 05 FA 05 03 06 11 06 0B 06 FB 05 FC 05 F1 05 E9 05 E1 05
E5 05 ED 05 E5 05 36 06 E9 05 F9 05 05 06 F1 05 E7 05 E7 05 F9 05 F5 05 16 06 0E 06 26 06 33 06
3A 06 2B 06 1C 06 23 06 15 06 1A 06 2B 06 0F 06 23 06 2B 06 3D 06 E9 05 32 06 35 06 3C 06 3A 06
2D 06 20 06 EA 05 1F 06 42 06 40 06 41 06 45 06 41 06 3B 06 22 06 23 06 1C 06 1C 06 24 06 0F 06
13 06 0C 06 22 06 FC 05 FF 05 12 06 FF 05 07 06 1E 06 14 06 15 06 1F 06 0C 06 02 06 FB 05 F9 05
FA 05 45 06 11 06 1C 06 21 06 0B 06 15 06 13 06 05 06 11 06 09 06 0D 06 05 06 1B 06 1B 06 27 06
35 06 62 06 2A 06 42 06 42 06 52 06 4F 06 43 06 53 06 4E 06 61 06 5F 06 4A 06 5B 06 52 06 4F 06
18 06 4C 06 55 06 54 06 56 06 64 06 61 06 5E 06 51 06 52 06 4A 06 56 06 4A 06 49 06 4F 06 5B 06
19 06 48 06 48 06 29 06 2B 06 13 06 01 06 F9 05 ED 05 F4 05 FF 05 0C 06 16 06 12 06 24 06 15 06
43 06 1E 06 0A 06 12 06 23 06 13 06 0B 06 09 06 F9 05 07 06 15 06 0D 06 09 06 07 06 0B 06 4A 06
0F 06 05 06 0D 06 1A 06 13 06 27 06 22 06 39 06 4E 06 56 06 42 06 40 06 40 06 43 06 41 06 24 06
3A 06 3E 06 48 06 55 06 5E 06 60 06 55 06 55 06 54 06 54 06 52 06 4E 06 57 06 5C 06 5F 06 0F 06
52 06 52 06 4C 06 59 06 4D 06 58 06 68 06 68 06 62 06 57 06 49 06 41 06 3C 06 2D 06 1E 06 05 06
0C 06 19 06 1F 06 1A 06 24 06 27 06 2B 06 1E 06 1A 06 1A 06 1E 06 1E 06 1A 06 10 06 4F 06 18 06
05 06 07 06 F5 05 FD 05 ED 05 EF 05 E5 05 E9 05 FD 05 01 06 0E 06 1E 06 14 06 42 06 1D 06 23 06
26 06 1E 06 2E 06 41 06 27 06 2B 06 29 06 2B 06 2B 06 35 06 2D 06 37 06 3B 06 18 06 0D 06 55 06
5F 06 5E 06 52 06 52 06 56 06 5A 06 61 06 52 06 4E 06 4E 06 41 06 4D 06 38 06 EF 05 3C 06 3A 06
35 06 3C 06 48 06 45 06 38 06 2D 06 2D 06 24 06 19 06 0F 06 17 06 1C 06 47 06 29 06 18 06 4E 06
21 06 47 06 52 06 52 06 55 06 5B 06 35 06 3A 06 4E 06 5A 06 56 06 46 06 5B 06 15 06 35 06 35 06
27 06 20 06 5A 06 4F 06 1C 06 46 06 58 06 15 06 09 06 17 06 5A 06 6A 06 43 06 6A 06 45 06 25 06
2C 06 1C 06 12 06 20 06 0B 06 09 06 20 06 2D 06 64 06 4F 06 6A 06 21 06 1E 06 66 06 62 06 5B 06
41 06 3B 06 2C 06 30 06 4E 06 58 06 6C 06 29 06 2C 06 35 06 37 06 66 06 33 06 53 06 59 06 1E 06
23 06 65 06 58 06 28 06 20 06 22 06 70 06 63 06 2E 06 6C 06 35 06 6E 06 28 06 3D 06 58 06 52 06
52 06 5F 06 6A 06 55 06 6B 06 40 06 31 06 32 06 67 06 6F 06 7A 06 49 06 71 06 72 06 72 06 6E 06
77 06 6F 06 6E 06 62 06 72 06 80 06 79 06 7F 06 87 06 8F 06 5C 06 95 06 9E 06 9D 06 9E 06 9A 06
8C 06 9C 06 99 06 96 06 8A 06 82 06 76 06 87 06 65 06 4E 06 72 06 49 06 82 06 45 06 61 06 4A 06
52 06 49 06 43 06 33 06 3C 06 48 06 81 06 85 06 80 06 7A 06 82 06 83 06 34 06 74 06 3A 06 6F 06
51 06 8E 06 8C 06 6B 06 83 06 49 06 5B 06 58 06 AA 06 64 06 A6 06 AB 06 AE 06 80 06 6C 06 68 06
5F 06 6B 06 8A 06 55 06 A4 06 70 06 AE 06 71 06 AE 06 6A 06 6A 06 A2 06 A6 06 9D 06 A5 06 89 06
82 06 7C 06 7A 06 72 06 84 06 AA 06 AD 06 8D 06 74 06 A4 06 66 06 A8 06 A6 06 99 06 88 06 7F 06
3B 06 78 06 3F 06 8A 06 83 06 5D 06 4B 06 61 06 48 06 59 06 4D 06 4D 06 70 06 39 06 5B 06 6B 06
41 06 43 06 39 06 2E 06 30 06 22 06 13 06 4D 06 13 06 0A 06 14 06 19 06 31 06 21 06 1B 06 30 06
2C 06 11 06 1D 06 31 06 33 06 27 06 4B 06 6C 06 4A 06 4B 06 4A 06 53 06 47 06 53 06 67 06 4F 06
53 06 20 06 24 06 FB 05 08 06 14 06 48 06 57 06 6B 06 59 06 58 06 58 06 35 06 3D 06 1C 06 0A 06
25 06 27 06 5E 06 25 06 07 06 12 06 4E 06 3D 06 17 06 56 06 53 06 5B 06 16 06 16 06 19 06 24 06
4E 06 2D 06 1D 06 1E 06 32 06 2E 06 05 06 41 06 47 06 5A 06 1A 06 11 06 0D 06 22 06 4A 06 15 06
F8 05 00 06 2B 06 43 06 3A 06 39 06 01 06 FD 05 02 06 3C 06 36 06 3E 06 3A 06 2C 06 25 06 DA 05
19 06 FE 05 06 06 F0 05 20 06 09 06 2E 06 26 06 34 06 E4 05 20 06 EC 05 0B 06 EF 05 1D 06 0A 06
DB 05 14 06 FC 05 FF 05 E9 05 E5 05 FD 05 F0 05 27 06 EC 05 E2 05 F0 05 0F 06 1F 06 1A 06 0F 06
10 06 05 06 FD 05 FF 05 F5 05 ED 05 E4 05 E9 05 EF 05 FA 05 F2 05 F4 05 14 06 10 06 02 06 08 06
14 06 06 06 0E 06 18 06 53 06 19 06 08 06 10 06 19 06 23 06 48 06 1C 06 3E 06 3B 06 56 06 51 06
23 06 4F 06 61 06 24 06 5B 06 62 06 5A 06 34 06 28 06 29 06 38 06 7B 06 38 06 4D 06 84 06 2F 06
6D 06 41 06 53 06 80 06 34 06 78 06 64 06 6E 06 76 06 79 06 52 06 40 06 33 06 41 06 3E 06 6B 06
50 06 53 06 58 06 29 06 4C 06 7C 06 4E 06 7B 06 42 06 7C 06 7C 06 65 06 65 06 2B 06 2F 06 3E 06
40 06 78 06 72 06 7E 06 7E 06 83 06 7B 06 78 06 81 06 7E 06 3F 06 44 06 7F 06 3C 06 49 06 45 06
4B 06 7B 06 52 06 4D 06 45 06 50 06 61 06 4A 06 8A 06 53 06 77 06 83 06 78 06 8D 06 5C 06 91 06
69 06 9E 06 9E 06 A6 06 9E 06 8F 06 95 06 79 06 8F 06 6A 06 82 06 74 06 87 06 8C 06 86 06 82 06
92 06 4A 06 8A 06 94 06 86 06 86 06 79 06 87 06 75 06 8F 06 82 06 8A 06 80 06 75 06 6C 06 5B 06
45 06 39 06 3F 06 83 06 87 06 74 06 45 06 7B 06 72 06 84 06 31 06 39 06 31 06 3C 06 34 06 45 06
45 06 7A 06 86 06 8C 06 35 06 7D 06 74 06 72 06 5C 06 2C 06 4F 06 33 06 4D 06 3D 06 67 06 69 06
76 06 39 06 24 06 6B 06 68 06 65 06 56 06 51 06 22 06 3C 06 22 06 22 06 46 06 6A 06 28 06 67 06
58 06 48 06 46 06 4A 06 19 06 2D 06 5F 06 43 06 76 06 64 06 60 06 18 06 18 06 14 06 09 06 52 06
09 06 46 06 40 06 3D 06 3C 06 4F 06 2F 06 52 06 1C 06 1C 06 3D 06 4B 06 18 06 12 06 18 06 1C 06
23 06 42 06 10 06 09 06 24 06 17 06 26 06 42 06 14 06 08 06 06 06 26 06 36 06 3A 06 46 06 FD 05
FD 05 15 06 0D 06 19 06 0C 06 14 06 13 06 1D 06 25 06 42 06 3A 06 42 06 32 06 43 06 24 06 33 06
3B 06 3D 06 3A 06 45 06 3F 06 4B 06 56 06 53 06 4D 06 54 06 45 06 56 06 11 06 5A 06 52 06 31 06
4E 06 19 06 27 06 0E 06 1B 06 1C 06 19 06 1E 06 30 06 27 06 4F 06 59 06 56 06 25 06 61 06 40 06
28 06 69 06 38 06 65 06 5B 06 64 06 6D 06 31 06 25 06 3A 06 32 06 45 06 65 06 20 06 5D 06 61 06
6A 06 28 06 85 06 6E 06 6E 06 33 06 6F 06 59 06 72 06 5D 06 88 06 4F 06 41 06 5A 06 4E 06 88 06
81 06 72 06 66 06 29 06 78 06 63 06 65 06 63 06 5B 06 54 06 9A 06 3E 06 58 06 94 06 48 06 85 06
8C 06 91 06 97 06 4C 06 83 06 96 06 9E 06 8E 06 5A 06 80 06 7E 06 48 06 6A 06 40 06 4C 06 52 06
83 06 52 06 85 06 8C 06 51 06 4F 06 61 06 59 06 58 06 62 06 50 06 7A 06 4C 06 42 06 50 06 58 06
5E 06 58 06 52 06 5B 06 5D 06 5C 06 54 06 58 06 55 06 4D 06 4F 06 95 06 59 06 50 06 48 06 61 06
41 06 6E 06 3E 06 75 06 6F 06 74 06 78 06 7E 06 AF 06 71 06 94 06 A3 06 BC 06 BE 06 B8 06 C5 06
C2 06 B7 06 73 06 68 06 7C 06 67 06 AD 06 B4 06 71 06 8D 06 B6 06 B9 06 75 06 AE 06 76 06 77 06
74 06 7A 06 A7 06 A3 06 A4 06 6B 06 69 06 81 06 79 06 7D 06 81 06 9E 06 AF 06 A9 06 6F 06 70 06
B7 06 7B 06 AF 06 60 06 8E 06 88 06 92 06 9E 06 5D 06 60 06 99 06 58 06 5C 06 7B 06 75 06 8D 06
84 06 7C 06 8C 06 7F 06 7C 06 59 06 61 06 65 06 6B 06 9A 06 67 06 66 06 54 06 3D 06 82 06 8A 06
7A 06 48 06 78 06 54 06 49 06 7D 06 78 06 8E 06 85 06 7B 06 84 06 62 06 5A 06 68 06 60 06 62 06
76 06 7E 06 86 06 84 06 7A 06 76 06 86 06 8F 06 3A 06 7A 06 72 06 88 06 7C 06 78 06 75 06 79 06
6D 06 63 06 54 06 4C 06 5C 06 4E 06 50 06 5A 06 72 06 55 06 59 06 51 06 3A 06 38 06 45 06 92 06
9A 06 7A 06 64 06 8F 06 89 06 76 06 83 06 82 06 68 06 73 06 83 06 6B 06 73 06 98 06 5C 06 72 06
97 06 97 06 8C 06 52 06 80 06 54 06 59 06 77 06 4A 06 8A 06 85 06 71 06 6C 06 53 06 3D 06 3E 06
3A 06 40 06 3E 06 80 06 31 06 29 06 29 06 1E 06 43 06 20 06 1D 06 23 06 2A 06 67 06 53 06 2E 06
46 06 22 06 21 06 58 06 4F 06 77 06 3D 06 64 06 41 06 36 06 37 06 3D 06 25 06 64 06 39 06 3C 06
75 06 41 06 3E 06 52 06 39 06 72 06 2D 06 22 06 19 06 1A 06 71 06 1D 06 2B 06 6C 06 77 06 83 06
6F 06 63 06 59 06 6D 06 3F 06 3A 06 44 06 77 06 72 06 6D 06 6A 06 7B 06 67 06 77 06 8B 06 83 06
8A 06 8B 06 6F 06 77 06 75 06 36 06 76 06 70 06 75 06 74 06 6D 06 72 06 66 06 6A 06 67 06 65 06
66 06 66 06 5A 06 5A 06 61 06 2D 06 4F 06 2B 06 6F 06 55 06 18 06 5E 06 15 06 52 06 0B 06 13 06
23 06 18 06 28 06 1C 06 36 06 1D 06 3A 06 54 06 12 06 25 06 5B 06 1D 06 78 06 31 06 7A 06 34 06
5C 06 52 06 3A 06 46 06 51 06 F3 05 0A 06 42 06 44 06 4C 06 67 06 5F 06 18 06 24 06 24 06 18 06
39 06 4D 06 43 06 4F 06 41 06 52 06 F0 05 07 06 FE 05 FB 05 42 06 4B 06 4B 06 5C 06 35 06 14 06
05 06 02 06 FC 05 02 06 40 06 19 06 05 06 3A 06 4E 06 1B 06 5B 06 53 06 57 06 48 06 4A 06 56 06
44 06 69 06 45 06 33 06 21 06 1C 06 2D 06 1D 06 18 06 12 06 1D 06 60 06 13 06 62 06 3F 06 11 06
05 06 15 06 08 06 4D 06 0F 06 19 06 28 06 0B 06 07 06 05 06 0F 06 15 06 09 06 15 06 1D 06 1D 06
0D 06 07 06 5A 06 25 06 21 06 15 06 23 06 26 06 2E 06 49 06 4B 06 3F 06 63 06 62 06 68 06 61 06
62 06 37 06 69 06 74 06 5A 06 36 06 2B 06 59 06 5C 06 3F 06 3F 06 3C 06 38 06 19 06 39 06 47 06
3F 06 5F 06 4D 06 24 06 34 06 63 06 58 06 7B 06 76 06 76 06 88 06 41 06 31 06 4C 06 3C 06 68 06
63 06 7B 06 82 06 7A 06 83 06 68 06 73 06 87 06 78 06 40 06 46 06 7B 06 53 06 6B 06 60 06 45 06
40 06 2F 06 61 06 69 06 53 06 3C 06 3D 06 2B 06 82 06 72 06 82 06 82 06 6F 06 63 06 74 06 2B 06
60 06 45 06 28 06 60 06 6A 06 89 06 81 06 41 06 59 06 64 06 22 06 69 06 27 06 71 06 76 06 3A 06
45 06 5C 06 5B 06 31 06 52 06 8E 06 83 06 82 06 4F 06 51 06 4A 06 88 06 5D 06 5D 06 54 06 54 06
3D 06 45 06 45 06 44 06 40 06 44 06 44 06 4E 06 48 06 36 06 30 06 30 06 2E 06 42 06 42 06 6F 06
4F 06 4F 06 48 06 3A 06 54 06 39 06 59 06 53 06 55 06 9A 06 95 06 89 06 9B 06 52 06 96 06 70 06
8B 06 8F 06 8D 06 8C 06 9F 06 99 06 50 06 4E 06 59 06 48 06 6E 06 84 06 60 06 8A 06 57 06 54 06
42 06 65 06 3B 06 29 06 72 06 6F 06 86 06 92 06 78 06 3B 06 42 06 53 06 48 06 21 06 30 06 19 06
56 06 66 06 53 06 1F 06 23 06 12 06 53 06 06 06 5A 06 5E 06 59 06 53 06 24 06 18 06 47 06 30 06
58 06 47 06 53 06 47 06 4B 06 4A 06 4D 06 27 06 5C 06 18 06 18 06 39 06 09 06 FF 05 45 06 0B 06
39 06 18 06 1D 06 2D 06 2B 06 2D 06 22 06 21 06 4E 06 42 06 4F 06 45 06 5C 06 5B 06 56 06 1D 06
1D 06 5C 06 5A 06 52 06 63 06 61 06 73 06 74 06 6E 06 87 06 5C 06 80 06 4B 06 30 06 62 06 59 06
64 06 6C 06 62 06 6A 06 73 06 68 06 77 06 72 06 72 06 55 06 54 06 59 06 2D 06 39 06 2D 06 39 06
34 06 35 06 38 06 2F 06 3B 06 2C 06 30 06 30 06 34 06 26 06 28 06 2A 06 63 06 17 06 11 06 18 06
1C 06 29 06 19 06 10 06 21 06 07 06 19 06 09 06 15 06 14 06 21 06 2F 06 4A 06 2B 06 2B 06 35 06
29 06 1E 06 3A 06 32 06 43 06 4E 06 3B 06 44 06 35 06 45 06 3F 06 0D 06 4B 06 52 06 55 06 60 06
55 06 65 06 6C 06 6E 06 72 06 70 06 6C 06 62 06 62 06 6A 06 73 06 30 06 61 06 6D 06 6A 06 64 06
45 06 44 06 47 06 2D 06 51 06 39 06 44 06 46 06 42 06 46 06 42 06 66 06 50 06 30 06 3B 06 38 06
42 06 4A 06 4A 06 4B 06 53 06 59 06 50 06 3F 06 45 06 3D 06 85 06 39 06 45 06 3D 06 45 06 3E 06
46 06 4C 06 4E 06 50 06 62 06 4F 06 72 06 5F 06 63 06 6A 06 5E 06 7B 06 73 06 80 06 78 06 90 06
91 06 85 06 93 06 87 06 8C 06 74 06 74 06 7C 06 7D 06 48 06 86 06 8C 06 8C 06 9E 06 92 06 8E 06
8A 06 7F 06 8C 06 83 06 88 06 7E 06 6F 06 7D 06 75 06 54 06 51 06 2D 06 35 06 3F 06 4C 06 4A 06
38 06 46 06 35 06 42 06 38 06 48 06 34 06 26 06 30 06 6D 06 23 06 33 06 34 06 39 06 2D 06 35 06
2D 06 29 06 21 06 2D 06 31 06 3D 06 39 06 3C 06 7E 06 47 06 51 06 49 06 33 06 4A 06 4A 06 5F 06
62 06 63 06 63 06 6F 06 5B 06 5D 06 58 06 4F 06 24 06 4E 06 5C 06 52 06 4F 06 5D 06 6C 06 56 06
5E 06 54 06 5C 06 5A 06 52 06 5A 06 65 06 4B 06 18 06 46 06 1C 06 4E 06 44 06 46 06 40 06 25 06
33 06 28 06 2D 06 25 06 0C 06 1E 06 18 06 31 06 10 06 1C 06 19 06 1A 06 10 06 FF 05 0A 06 10 06
F3 05 0F 06 0B 06 FE 05 F9 05 FD 05 F9 05 51 06 0B 06 03 06 FD 05 0D 06 10 06 17 06 24 06 1A 06
27 06 23 06 52 06 59 06 5E 06 56 06 5E 06 4A 06 42 06 4F 06 48 06 61 06 3B 06 4F 06 2F 06 4E 06
37 06 4D 06 54 06 55 06 6A 06 6A 06 32 06 67 06 57 06 64 06 66 06 5F 06 63 06 6E 06 7E 06 67 06
5F 06 52 06 51 06 52 06 34 06 38 06 15 06 41 06 45 06 41 06 3C 06 38 06 34 06 22 06 34 06 24 06
25 06 1A 06 21 06 12 06 1A 06 4C 06 1F 06 2E 06 35 06 33 06 09 06 0F 06 1B 06 19 06 25 06 21 06
21 06 11 06 32 06 1D 06 2E 06 66 06 32 06 39 06 31 06 56 06 53 06 66 06 66 06 7A 06 77 06 5B 06
72 06 63 06 72 06 6A 06 6F 06 44 06 79 06 7D 06 71 06 6C 06 67 06 77 06 8F 06 90 06 8C 06 86 06
7E 06 7A 06 6E 06 7B 06 38 06 69 06 7D 06 6A 06 6E 06 68 06 5E 06 5D 06 64 06 4F 06 49 06 59 06
44 06 2C 06 3E 06 34 06 4A 06 28 06 34 06 2C 06 1F 06 39 06 2A 06 32 06 2C 06 33 06 31 06 23 06
25 06 28 06 2F 06 69 06 2B 06 21 06 11 06 13 06 21 06 21 06 32 06 1E 06 26 06 20 06 15 06 23 06
42 06 2E 06 28 06 2E 06 3A 06 3B 06 3B 06 2F 06 2A 06 28 06 21 06 21 06 2A 06 2B 06 2C 06 2D 06
2C 06 25 06 26 06 D8 05 1A 06 1B 06 21 06 2E 06 22 06 2E 06 1E 06 1B 06 F6 05 D1 05 FF 05 0B 06
0C 06 FD 05 D9 05 EC 05 E1 05 CD 05 E5 05 D5 05 D8 05 CE 05 E4 05 E3 05 D5 05 EA 05 E9 05 FA 05
F0 05 EA 05 2C 06 EF 05 EB 05 E9 05 EE 05 E5 05 ED 05 ED 05 E9 05 F1 05 E1 05 EB 05 E9 05 F5 05
07 06 FB 05 3E 06 0A 06 11 06 01 06 FF 05 0E 06 1E 06 1E 06 2E 06 41 06 47 06 41 06 38 06 38 06
27 06 F9 05 37 06 4D 06 41 06 47 06 4C 06 44 06 56 06 46 06 42 06 42 06 57 06 4A 06 50 06 66 06
5A 06 08 06 51 06 58 06 42 06 2F 06 49 06 1F 06 3D 06 1D 06 1D 06 0C 06 04 06 04 06 F5 05 FA 05
1B 06 F6 05 F4 05 FC 05 00 06 F1 05 18 06 FA 05 F6 05 FA 05 00 06 FB 05 F0 05 00 06 FD 05 FD 05
44 06 0B 06 10 06 05 06 10 06 FA 05 25 06 FF 05 2D 06 29 06 3F 06 45 06 43 06 52 06 3A 06 5B 06
3E 06 57 06 61 06 63 06 61 06 68 06 6E 06 5D 06 61 06 4F 06 5C 06 61 06 5F 06 69 06 61 06 28 06
62 06 70 06 6C 06 6C 06 5A 06 5E 06 7A 06 7A 06 77 06 71 06 6B 06 78 06 6C 06 54 06 60 06 3F 06
4B 06 4C 06 44 06 55 06 4D 06 35 06 4E 06 48 06 32 06 39 06 3E 06 14 06 0B 06 12 06 0B 06 43 06
23 06 34 06 31 06 28 06 2D 06 39 06 2F 06 33 06 33 06 41 06 3F 06 3D 06 3D 06 39 06 68 06 D0 06
3B 08 29 09 20 09 1B 08 56 07 56 06 01 05 D0 03 23 03 67 02 6E 02 4A 02 62 02 27 03 99 03 A1 04
EF 05 67 07 87 08 0A 09 4D 09 60 09 26 0A 42 0B 54 0B F4 09 AE 08 B6 08 47 08 D3 06 53 06 FC 05
48 05 4E 04 33 04 16 04 B9 03 2E 03 0D 03 6F 03 2D 04 E9 04 3F 05 C8 05 34 06 DD 06 7A 07 D2 07
E8 07 FD 07 D8 07 3E 07 DA 06 AA 06 7E 06 17 06 6D 05 C9 04 70 04 35 04 05 04 C4 04 15 05 29 05
98 05 B8 05 F5 05 E1 05 58 06 B0 06 C5 06 17 07 07 07 EE 06 10 07 4F 07 08 07 11 07 43 07 2A 07
F6 06 E8 06 A6 06 BD 06 1A 07 D8 06 0F 07 DE 06 CE 06 79 06 43 06 3A 06 C9 05 36 06 1F 06 8F 05
4B 05 50 05 82 05 6B 05 82 05 F9 05 36 06 4A 06 72 06 A4 06 64 06 9A 06 93 06 8B 06 51 06 39 06
96 06 6B 06 2F 06 B5 05 B2 05 B6 05 C4 05 28 06 43 06 43 06 56 06 55 06 88 06 CF 06 0E 07 CA 06
A2 06 68 06 7E 06 39 06 31 06 2B 06 0D 06 10 06 F2 05 BD 05 D5 05 90 05 B9 05 B8 05 17 06 F8 05
43 06 4D 06 75 06 B5 06 A4 06 E2 06 B5 06 EB 06 C2 06 EE 06 98 06 C1 06 C7 06 A3 06 73 06 37 06
1D 06 2D 06 47 06 36 06 34 06 42 06 54 06 6A 06 8A 06 AF 06 90 06 F4 06 F9 06 0B 07 02 07 FE 06
FA 06 AF 06 6F 06 2F 06 19 06 CF 05 9D 05 A4 05 A4 05 BA 05 79 05 DC 05 A1 05 E2 05 1B 06 0A 06
19 06 25 06 27 06 2A 06 23 06 41 06 4F 06 5F 06 8B 06 4B 06 59 06 A2 06 DE 06 CF 06 AF 06 79 06
9A 06 52 06 55 06 4A 06 89 06 92 06 6A 06 52 06 1D 06 2B 06 60 06 6F 06 64 06 65 06 42 06 5B 06
58 06 4F 06 97 06 88 06 4B 06 4B 06 23 06 40 06 46 06 44 06 15 06 1D 06 41 06 4D 06 A6 06 AE 06
A5 06 5D 06 51 06 55 06 49 06 4D 06 76 06 30 06 63 06 55 06 68 06 93 06 64 06 65 06 54 06 4E 06
9D 06 9A 06 72 06 9E 06 A2 06 A7 06 5E 06 55 06 5E 06 67 06 66 06 65 06 3E 06 5E 06 4B 06 44 06
50 06 49 06 7B 06 6B 06 29 06 11 06 15 06 51 06 1B 06 00 06 E1 05 E1 05 CE 05 D7 05 DA 05 F2 05
0B 06 3B 06 55 06 69 06 7A 06 9C 06 C9 06 B4 06 EF 06 F5 06 EB 06 DE 06 E2 06 DC 06 C7 06 A2 06
62 06 47 06 F1 05 38 06 F5 05 E7 05 DB 05 23 06 2F 06 D0 05 D0 05 B9 05 D0 05 E5 05 0C 06 1F 06
77 06 7A 06 5D 06 75 06 C9 06 B0 06 C6 06 B7 06 58 06 5A 06 2F 06 24 06 12 06 F5 05 E5 05 DF 05
A2 05 A1 05 C5 05 F3 05 FF 05 1A 06 02 06 2A 06 32 06 40 06 69 06 5C 06 BF 06 A1 06 D5 06 BC 06
E7 06 A2 06 6B 06 6B 06 47 06 54 06 F7 05 EB 05 FA 05 C4 05 F9 05 ED 05 FD 05 04 06 05 06 08 06
11 06 59 06 5D 06 6F 06 35 06 38 06 52 06 4E 06 3D 06 05 06 D6 05 32 06 F3 05 2B 06 F9 05 30 06
39 06 FF 05 D4 05 D4 05 D3 05 23 06 1B 06 EF 05 1E 06 42 06 FB 05 0F 06 1C 06 31 06 36 06 43 06
30 06 2E 06 20 06 08 06 33 06 02 06 06 06 F3 05 F3 05 F1 05 E1 05 E7 05 DD 05 EF 05 13 06 09 06
08 06 01 06 35 06 44 06 7C 06 4A 06 2B 06 51 06 49 06 55 06 70 06 02 06 E5 05 04 06 5E 06 29 06
7C 05 CE 05 2E 06 F0 06 E2 05 EA 05 B8 06 D4 06 29 06 05 06 A1 06 FB 05 EE 05 AB 05 38 06 7B 06
15 05 DF 05 5C 06 9C 06 F0 05 3E 06 D8 06 98 06 68 06 98 06 CF 06 65 06 95 06 84 05 D2 05 FD 05
4D 06 CB 05 CA 05 4A 06 B0 05 67 05 D8 05 93 06 94 06 4D 05 49 06 43 06 26 07 BC 05 60 06 8B 06
4E 06 68 06 B0 05 9C 06 6C 06 1D 06 67 06 62 06 6A 06 E0 05 A3 05 95 05 24 06 F8 05 0C 06 DF 05
06 06 93 06 31 06 8D 06 1A 06 63 06 88 06 5B 06 F1 05 2F 06 4C 06 51 06 BA 05 FF 05 57 06 33 06
6E 06 92 05 34 06 3D 06 4D 06 5D 06 AC 06 9E 06 EE 06 6A 06 DA 06 71 06 00 07 33 06 5A 06 48 06
18 06 F3 05 0C 06 24 06 AD 05 11 06 D4 05 35 06 FF 05 46 06 1A 06 3A 06 F0 05 AC 06 18 06 42 06
40 06 BA 06 33 06 16 06 52 06 7C 06 6D 06 E5 05 36 06 1C 06 E8 06 D2 05 A6 06 0F 06 89 06 1B 06
52 06 FE 05 2C 06 F4 05 28 06 45 06 15 06 6B 06 14 06 57 06 5B 06 EE 05 C7 05 3A 06 06 06 38 06
DB 05 63 06 73 06 3D 06 30 06 70 06 70 06 70 06 54 06 8E 06 34 06 3C 06 45 06 2A 06 29 06 EB 05
F5 05 EA 05 22 06 5C 06 6C 06 2E 06 83 06 80 06 08 06 80 06 71 06 C4 06 5A 06 6B 06 81 06 71 06
8D 06 68 06 95 06 4C 06 21 06 08 06 6F 06 DE 05 44 06 FB 05 13 06 1A 06 4C 06 F5 05 38 06 55 06
8F 06 51 06 B4 06 BE 06 C7 06 7B 06 B3 06 B2 06 24 06 61 06 E8 05 20 06 43 06 69 06 45 06 48 06
43 06 6B 06 5B 06 7F 06 53 06 CA 06 93 06 C1 06 AB 06 E3 06 EB 06 B7 06 D4 06 8C 06 70 06 57 06
8E 06 27 06 40 06 24 06 3A 06 32 06 4E 06 6C 06 5D 06 61 06 A3 06 B8 06 BC 06 98 06 DC 06 C9 06
76 06 CC 06 5C 06 97 06 0B 06 38 06 11 06 FF 05 13 06 E9 05 3D 06 2F 06 4E 06 61 06 73 06 3D 06
96 06 5B 06 92 06 58 06 9B 06 88 06 99 06 B8 06 9A 06 A3 06 59 06 65 06 62 06 5E 06 8C 06 8A 06
7A 06 92 06 40 06 84 06 45 06 92 06 6E 06 74 06 60 06 86 06 5A 06 5F 06 50 06 66 06 5F 06 38 06
81 06 7F 06 9E 06 B4 06 AE 06 88 06 7A 06 7E 06 9A 06 92 06 83 06 85 06 87 06 7C 06 AE 06 7B 06
7C 06 9A 06 58 06 62 06 4F 06 66 06 2D 06 5A 06 41 06 82 06 47 06 56 06 7D 06 64 06 5D 06 81 06
69 06 BF 06 6A 06 77 06 4F 06 3C 06 41 06 24 06 11 06 CB 05 EC 05 B2 05 2F 06 BF 05 EB 05 D5 05
FB 05 10 06 00 06 1D 06 2D 06 6F 06 58 06 77 06 8B 06 A2 06 8E 06 A2 06 96 06 BA 06 87 06 9B 06
A3 06 72 06 6B 06 59 06 77 06 8F 06 8B 06 37 06 2D 06 50 06 72 06 1D 06 6D 06 5D 06 97 06 69 06
61 06 65 06 45 06 6C 06 63 06 6C 06 68 06 82 06 4C 06 55 06 58 06 79 06 3D 06 8B 06 55 06 65 06
63 06 21 06 38 06 1A 06 2C 06 3B 06 5A 06 32 06 7B 06 59 06 7C 06 2A 06 72 06 65 06 76 06 43 06
35 06 76 06 21 06 4B 06 40 06 29 06 12 06 34 06 34 06 43 06 21 06 15 06 1F 06 39 06 7E 06 5E 06
71 06 73 06 7A 06 92 06 8A 06 4E 06 78 06 59 06 2E 06 4F 06 18 06 47 06 37 06 D2 05 E5 05 16 06
09 06 24 06 E9 05 52 06 4A 06 27 06 45 06 41 06 4D 06 63 06 61 06 3A 06 A4 06 A4 06 48 06 34 06
22 06 3F 06 2C 06 F7 05 0F 06 E0 05 EC 05 D9 05 E8 05 0D 06 F8 05 17 06 1D 06 3E 06 36 06 4E 06
5A 06 66 06 6A 06 72 06 56 06 4B 06 3E 06 38 06 80 06 67 06 71 06 03 06 99 05 45 05 4C 05 C6 05
F1 05 3D 06 A8 06 4A 06 82 06 36 06 AF 06 CC 06 C2 06 FD 06 06 07 1C 07 F1 06 B2 06 B5 06 43 06
53 06 1A 06 A4 05 A7 05 5E 05 97 05 53 05 A7 05 AD 05 A9 05 E1 05 F9 05 14 06 72 06 86 06 7F 06
98 06 BC 06 B8 06 C5 06 02 07 1E 07 3A 07 54 07 41 07 38 07 20 07 A3 06 AF 06 78 06 A2 06 71 06
46 06 12 06 B5 05 A3 05 A4 05 A4 05 DC 05 BF 05 C0 05 78 05 9D 05 93 05 CB 05 99 05 FB 05 EF 05
F9 05 18 06 F1 05 D3 05 01 06 11 06 58 06 53 06 79 06 70 06 66 06 34 06 49 06 51 06 5E 06 56 06
5C 06 77 06 6C 06 5A 06 9A 06 6F 06 80 06 AE 06 B2 06 C8 06 C1 06 E6 06 E9 06 CF 06 EC 06 D4 06
DF 06 C4 06 CC 06 B4 06 74 06 72 06 2D 06 5D 06 5C 06 3F 06 12 06 E8 05 D2 05 D8 05 D5 05 ED 05
C9 05 ED 05 B9 05 CC 05 B4 05 E5 05 BE 05 C8 05 AA 05 FF 05 1D 06 FF 05 1C 06 11 06 17 06 DD 05
F3 05 DC 05 DD 05 15 06 1F 06 20 06 7F 06 75 06 98 06 2F 06 69 06 86 06 8F 06 99 06 75 06 80 06
4B 06 5C 06 2C 06 72 06 60 06 52 06 33 06 07 06 FC 05 FD 05 F3 05 FF 05 F1 05 FF 05 D1 05 D8 05
F4 05 50 06 3E 06 26 06 2F 06 3D 06 6E 06 6B 06 72 06 29 06 3E 06 FD 05 FC 05 3A 06 2A 06 40 06
C9 05 E0 05 BF 05 EB 05 29 06 ED 05 38 06 43 06 3F 06 35 06 63 06 4C 06 3F 06 56 06 3E 06 77 06
78 06 30 06 08 06 15 06 08 06 EC 05 38 06 1D 06 12 06 F6 05 F7 05 01 06 25 06 F5 05 00 06 19 06
4B 06 6F 06 5A 06 8C 06 47 06 57 06 46 06 43 06 53 06 4B 06 6E 06 6A 06 5A 06 6F 06 4A 06 6F 06
4F 06 62 06 52 06 1D 06 6F 06 6B 06 9E 06 8B 06 AE 06 A1 06 9C 06 95 06 8F 06 9A 06 92 06 7E 06
80 06 39 06 2C 06 3B 06 34 06 6A 06 1C 06 76 06 46 06 5A 06 52 06 62 06 5F 06 6A 06 8E 06 A1 06
57 06 9B 06 59 06 9A 06 87 06 61 06 AF 06 38 06 9C 06 77 06 96 06 96 06 5D 06 81 06 6B 06 71 06
74 06 C3 06 77 06 B1 06 94 06 9D 06 5D 06 A6 06 84 06 8B 06 6D 06 AE 06 A6 06 AB 06 6E 06 95 06
55 06 6E 06 65 06 3D 06 7A 06 6E 06 7B 06 68 06 39 06 35 06 41 06 52 06 4E 06 62 06 5F 06 BB 06
85 06 78 06 AD 06 61 06 9E 06 AC 06 B0 06 B1 06 69 06 99 06 86 06 98 06 73 06 82 06 8C 06 83 06
51 06 71 06 4A 06 32 06 3E 06 6B 06 42 06 76 06 64 06 2A 06 25 06 3F 06 59 06 6C 06 60 06 4A 06
6F 06 48 06 46 06 46 06 43 06 43 06 52 06 45 06 41 06 3F 06 4B 06 4B 06 48 06 49 06 50 06 45 06
84 06 47 06 4E 06 47 06 5B 06 61 06 4D 06 82 06 86 06 86 06 9D 06 50 06 4E 06 7E 06 5C 06 43 06
4B 06 8A 06 95 06 83 06 7C 06 77 06 78 06 43 06 45 06 4E 06 35 06 76 06 45 06 36 06 31 06 5F 06
44 06 29 06 4D 06 3B 06 2E 06 17 06 18 06 44 06 54 06 5F 06 21 06 2C 06 16 06 45 06 30 06 51 06
53 06 70 06 5D 06 34 06 41 06 67 06 39 06 6E 06 39 06 43 06 25 06 6A 06 7E 06 30 06 66 06 19 06
20 06 1A 06 62 06 5C 06 66 06 6E 06 66 06 70 06 6B 06 3C 06 50 06 61 06 4A 06 66 06 73 06 56 06
66 06 32 06 15 06 4F 06 3B 06 4F 06 12 06 4D 06 61 06 2D 06 5E 06 6C 06 63 06 68 06 67 06 4F 06
6F 06 73 06 58 06 5D 06 48 06 78 06 7A 06 77 06 6F 06 75 06 75 06 68 06 68 06 35 06 61 06 74 06
5B 06 5D 06 2C 06 39 06 38 06 2C 06 3E 06 36 06 3C 06 17 06 30 06 2D 06 24 06 63 06 30 06 28 06
2A 06 3A 06 3B 06 4A 06 34 06 2F 06 39 06 2F 06 35 06 2D 06 29 06 3F 06 82 06 46 06 41 06 36 06
44 06 4D 06 51 06 55 06 65 06 92 06 90 06 96 06 8B 06 8B 06 7F 06 8F 06 5C 06 79 06 7B 06 6F 06
61 06 65 06 5D 06 5C 06 5C 06 45 06 46 06 42 06 66 06 67 06 74 06 7A 06 41 06 96 06 8D 06 8F 06
95 06 8E 06 88 06 7E 06 6C 06 54 06 55 06 35 06 47 06 2C 06 29 06 23 06 28 06 2E 06 22 06 3C 06
3C 06 50 06 3A 06 52 06 4A 06 53 06 3E 06 4F 06 3B 06 2B 06 0D 06 56 06 1F 06 0D 06 FF 05 19 06
05 06 0B 06 0D 06 15 06 33 06 3C 06 47 06 51 06 59 06 61 06 59 06 88 06 72 06 7E 06 7B 06 77 06
29 06 58 06 5B 06 4B 06 43 06 2F 06 37 06 23 06 27 06 25 06 FC 05 4D 06 59 06 5D 06 6C 06 67 06
6E 06 72 06 7E 06 92 06 8F 06 7E 06 63 06 6F 06 53 06 52 06 25 06 48 06 3F 06 24 06 19 06 19 06
19 06 30 06 1C 06 18 06 12 06 2A 06 28 06 2B 06 2D 06 5B 06 2E 06 2A 06 1A 06 13 06 11 06 08 06
FB 05 FD 05 F9 05 F5 05 F9 05 F5 05 05 06 FF 05 ED 05 2E 06 FE 05 07 06 17 06 1A 06 1F 06 2F 06
2D 06 3A 06 42 06 40 06 32 06 43 06 3B 06 39 06 39 06 F9 05 37 06 2F 06 36 06 36 06 37 06 47 06
45 06 49 06 3F 06 46 06 42 06 50 06 42 06 40 06 F9 05 36 06 3A 06 31 06 1E 06 28 06 2B 06 1E 06
20 06 0C 06 28 06 1D 06 1D 06 13 06 15 06 09 06 24 06 16 06 50 06 05 06 12 06 14 06 07 06 FA 05
F3 05 F6 05 EB 05 F2 05 FE 05 FB 05 FF 05 F8 05 3F 06 F1 05 EF 05 FD 05 F9 05 FD 05 F9 05 00 06
FD 05 11 06 0C 06 24 06 30 06 39 06 25 06 48 06 40 06 32 06 53 06 52 06 4B 06 5F 06 60 06 5B 06
4F 06 69 06 60 06 6B 06 60 06 77 06 5D 06 30 06 44 06 5A 06 46 06 56 06 50 06 4B 06 6A 06 5E 06
66 06 6F 06 7A 06 78 06 6A 06 68 06 25 06 5E 06 5D 06 4D 06 3F 06 39 06 28 06 1C 06 15 06 18 06
18 06 10 06 04 06 10 06 12 06 02 06 43 06 12 06 0E 06 FE 05 0B 06 08 06 11 06 1D 06 18 06 2A 06
1F 06 2D 06 21 06 01 06 09 06 05 06 46 06 04 06 11 06 24 06 1E 06 1D 06 29 06 2D 06 36 06 36 06
3A 06 43 06 5B 06 58 06 43 06 2F 06 4F 06 60 06 3B 06 41 06 52 06 4D 06 50 06 61 06 5C 06 5D 06
5C 06 5E 06 76 06 5C 06 5E 06 1B 06 6E 06 5A 06 6D 06 79 06 79 06 78 06 63 06 58 06 4C 06 55 06
49 06 39 06 2C 06 38 06 24 06 2E 06 20 06 29 06 2A 06 24 06 24 06 22 06 31 06 2A 06 30 06 32 06
2B 06 2F 06 29 06 2E 06 73 06 2C 06 29 06 29 06 2D 06 2B 06 25 06 44 06 35 06 31 06 2D 06 2E 06
39 06 33 06 2B 06 39 06 64 06 46 06 4E 06 5E 06 53 06 69 06 66 06 6E 06 78 06 72 06 77 06 7B 06
6B 06 6A 06 61 06 30 06 64 06 62 06 5C 06 5A 06 56 06 4E 06 50 06 54 06 5A 06 56 06 4F 06 54 06
4D 06 48 06 42 06 29 06 5A 06 3D 06 48 06 3B 06 49 06 2B 06 3C 06 2C 06 24 06 60 06 18 06 1E 06
14 06 22 06 28 06 5B 06 28 06 1F 06 2A 06 28 06 28 06 33 06 2A 06 28 06 29 06 25 06 35 06 31 06
39 06 35 06 6E 06 39 06 36 06 3C 06 39 06 3A 06 3B 06 43 06 4B 06 58 06 5E 06 62 06 73 06 77 06
73 06 73 06 59 06 73 06 6D 06 67 06 63 06 65 06 67 06 69 06 74 06 68 06 62 06 62 06 6E 06 77 06
6C 06 7E 06 39 06 8A 06 95 06 88 06 8A 06 7B 06 83 06 7E 06 7C 06 74 06 60 06 5F 06 53 06 61 06
44 06 50 06 44 06 3C 06 4C 06 3A 06 46 06 47 06 44 06 48 06 3A 06 4A 06 48 06 3B 06 37 06 48 06
3E 06 76 06 35 06 2F 06 21 06 2D 06 30 06 11 06 30 06 29 06 3D 06 37 06 4E 06 5E 06 63 06 6B 06
81 06 6B 06 76 06 73 06 5F 06 7B 06 35 06 6F 06 6E 06 7F 06 64 06 65 06 79 06 7F 06 73 06 7E 06
36 06 6D 06 6E 06 6A 06 72 06 7E 06 80 06 84 06 82 06 7E 06 82 06 91 06 74 06 6F 06 64 06 78 06
2B 06 51 06 4F 06 63 06 3B 06 41 06 45 06 44 06 38 06 25 06 2A 06 2C 06 2C 06 39 06 39 06 56 06
2C 06 32 06 3E 06 23 06 32 06 39 06 2D 06 31 06 3E 06 2D 06 2F 06 3B 06 39 06 30 06 29 06 7E 06
39 06 47 06 44 06 37 06 46 06 4F 06 4B 06 72 06 6A 06 5E 06 72 06 83 06 6B 06 62 06 73 06 3F 06
5F 06 61 06 6B 06 71 06 76 06 64 06 6D 06 75 06 74 06 6D 06 72 06 5A 06 75 06 56 06 24 06 6A 06
86 06 7A 06 5F 06 6D 06 69 06 58 06 5E 06 59 06 4C 06 4C 06 4D 06 2D 06 4D 06 49 06 36 06 2C 06
55 06 3E 06 32 06 3C 06 2C 06 19 06 2C 06 2B 06 10 06 22 06 23 06 13 06 08 06 53 06 1D 06 FD 05
0D 06 27 06 19 06 25 06 0C 06 2D 06 5D 06 27 06 12 06 66 06 6D 06 2B 06 38 06 89 06 7E 06 FF 05
5B 06 31 06 10 06 0C 06 EE 05 27 06 29 06 FA 05 62 06 7A 06 54 06 45 06 58 06 1F 06 29 06 78 06
3D 06 1D 06 78 06 41 06 17 06 3D 06 54 06 4E 06 1C 06 7B 06 2D 06 4A 06 5E 06 32 06 47 06 2F 06
73 06 3D 06 4A 06 42 06 37 06 5B 06 6F 06 6D 06 82 06 6D 06 30 06 37 06 29 06 2B 06 7A 06 2A 06
3B 06 3D 06 76 06 5A 06 43 06 58 06 19 06 35 06 2D 06 74 06 6E 06 74 06 32 06 80 06 74 06 34 06
4B 06 30 06 4D 06 3C 06 5D 06 43 06 53 06 63 06 38 06 51 06 5B 06 1D 06 31 06 23 06 57 06 7A 06
34 06 6D 06 6B 06 68 06 66 06 2B 06 5E 06 5B 06 4E 06 52 06 25 06 26 06 5E 06 62 06 54 06 57 06
58 06 4B 06 58 06 40 06 58 06 2C 06 39 06 3B 06 2D 06 1D 06 24 06 14 06 1C 06 18 06 09 06 28 06
16 06 24 06 21 06 12 06 1E 06 12 06 1E 06 1B 06 12 06 08 06 04 06 10 06 48 06 26 06 12 06 37 06
62 06 41 06 4A 06 4F 06 56 06 57 06 23 06 41 06 25 06 14 06 29 06 3A 06 17 06 42 06 4F 06 10 06
47 06 23 06 11 06 10 06 03 06 52 06 5B 06 3A 06 45 06 4B 06 14 06 0C 06 1F 06 28 06 0E 06 0D 06
17 06 05 06 26 06 56 06 20 06 4B 06 2A 06 52 06 2C 06 19 06 52 06 53 06 47 06 0A 06 0A 06 25 06
1D 06 56 06 25 06 2D 06 39 06 42 06 40 06 03 06 46 06 40 06 08 06 0E 06 39 06 06 06 F8 05 07 06
F1 05 3C 06 3A 06 F1 05 34 06 FC 05 2C 06 FF 05 19 06 09 06 2B 06 29 06 25 06 2F 06 F8 05 33 06
F0 05 F5 05 2A 06 4D 06 34 06 2F 06 2B 06 38 06 0D 06 32 06 40 06 29 06 3B 06 3D 06 33 06 3F 06
3C 06 3F 06 46 06 30 06 36 06 2C 06 36 06 EF 05 36 06 32 06 2A 06 39 06 38 06 2E 06 33 06 2C 06
38 06 38 06 2C 06 4B 06 4E 06 3B 06 45 06 20 06 23 06 1A 06 18 06 09 06 09 06 11 06 15 06 04 06
3B 06 21 06 4C 06 4D 06 15 06 62 06 53 06 5A 06 64 06 20 06 5D 06 22 06 51 06 45 06 59 06 58 06
15 06 26 06 23 06 4A 06 56 06 4D 06 1F 06 4B 06 1C 06 19 06 1D 06 2E 06 67 06 72 06 37 06 68 06
38 06 82 06 50 06 49 06 31 06 30 06 2D 06 62 06 6C 06 65 06 5B 06 34 06 2A 06 1B 06 2C 06 21 06
21 06 30 06 2C 06 65 06 5B 06 4A 06 21 06 59 06 55 06 5D 06 32 06 2D 06 41 06 32 06 6A 06 67 06
20 06 57 06 1E 06 19 06 29 06 6F 06 25 06 77 06 25 06 3F 06 3D 06 42 06 4A 06 4B 06 31 06 35 06
39 06 39 06 2B 06 3D 06 37 06 72 06 21 06 35 06 27 06 3C 06 33 06 40 06 4D 06 59 06 60 06 68 06
72 06 77 06 77 06 83 06 5F 06 80 06 78 06 7B 06 75 06 75 06 7B 06 7A 06 36 06 5A 06 2B 06 62 06
6E 06 48 06 3C 06 49 06 39 06 39 06 35 06 34 06 30 06 4D 06 49 06 56 06 62 06 5A 06 67 06 33 06
2A 06 72 06 49 06 6D 06 39 06 7B 06 86 06 3D 06 45 06 44 06 4C 06 7B 06 7F 06 7B 06 7B 06 79 06
82 06 84 06 7B 06 3C 06 6E 06 35 06 66 06 43 06 5F 06 7A 06 72 06 42 06 3A 06 5B 06 4D 06 6E 06
79 06 49 06 47 06 7F 06 7C 06 73 06 7A 06 64 06 6F 06 47 06 33 06 3E 06 76 06 80 06 39 06 7B 06
8A 06 83 06 84 06 35 06 5F 06 7C 06 84 06 7B 06 4C 06 8F 06 46 06 82 06 44 06 44 06 44 06 44 06
61 06 44 06 40 06 84 06 3B 06 3C 06 2E 06 43 06 31 06 41 06 34 06 2D 06 3D 06 40 06 4C 06 3E 06
41 06 40 06 79 06 4C 06 38 06 3E 06 40 06 42 06 3B 06 48 06 3C 06 39 06 3B 06 3D 06 3B 06 2D 06
45 06 8A 06 3D 06 54 06 57 06 65 06 3B 06 54 06 77 06 2C 06 6F 06 43 06 85 06 80 06 85 06 82 06
82 06 2E 06 49 06 36 06 3B 06 43 06 67 06 52 06 5C 06 8A 06 4B 06 9C 06 53 06 7B 06 44 06 45 06
69 06 60 06 A6 06 A2 06 96 06 4D 06 58 06 51 06 51 06 4F 06 74 06 55 06 79 06 83 06 5D 06 43 06
5D 06 3B 06 87 06 3C 06 80 06 88 06 84 06 87 06 35 06 41 06 40 06 42 06 45 06 6E 06 81 06 87 06
4C 06 79 06 8A 06 7A 06 8B 06 3F 06 35 06 5F 06 35 06 34 06 34 06 3C 06 38 06 3B 06 43 06 53 06
53 06 3F 06 59 06 5F 06 5E 06 7E 06 80 06 87 06 75 06 32 06 73 06 50 06 50 06 72 06 61 06 2D 06
75 06 74 06 74 06 72 06 6E 06 5E 06 62 06 6A 06 66 06 72 06 66 06 64 06 6B 06 62 06 6A 06 29 06
5A 06 45 06 48 06 4C 06 45 06 3D 06 30 06 31 06 2C 06 42 06 38 06 34 06 3F 06 3A 06 77 06 5C 06
72 06 39 06 4D 06 70 06 70 06 3C 06 3E 06 45 06 4F 06 4B 06 52 06 73 06 73 06 58 06 39 06 37 06
6B 06 6A 06 64 06 34 06 3A 06 34 06 30 06 39 06 3C 06 74 06 72 06 61 06 69 06 27 06 21 06 3B 06
39 06 24 06 25 06 35 06 25 06 20 06 23 06 5D 06 4D 06 16 06 55 06 29 06 45 06 29 06 5A 06 25 06
36 06 24 06 1F 06 58 06 59 06 5D 06 19 06 21 06 0F 06 21 06 0D 06 13 06 13 06 20 06 10 06 18 06
57 06 22 06 1E 06 24 06 26 06 5E 06 3C 06 1E 06 52 06 18 06 62 06 13 06 23 06 28 06 43 06 4A 06
43 06 47 06 4F 06 4B 06 19 06 12 06 52 06 58 06 4C 06 1D 06 27 06 35 06 4F 06 3E 06 40 06 52 06
3A 06 4F 06 53 06 4B 06 57 06 4F 06 62 06 4F 06 79 06 5D 06 6B 06 5B 06 2E 06 55 06 55 06 60 06
62 06 5E 06 57 06 59 06 5C 06 5A 06 5E 06 1D 06 30 06 31 06 28 06 5E 06 0F 06 52 06 19 06 1E 06
28 06 1A 06 1A 06 1A 06 52 06 67 06 33 06 60 06 1F 06 15 06 57 06 71 06 5F 06 22 06 5E 06 25 06
56 06 56 06 22 06 1F 06 10 06 18 06 1A 06 50 06 4D 06 4C 06 4A 06 18 06 01 06 2B 06 19 06 15 06
21 06 4F 06 52 06 4E 06 1A 06 46 06 05 06 0D 06 08 06 08 06 08 06 4C 06 4A 06 45 06 1E 06 11 06
04 06 0C 06 0A 06 10 06 07 06 42 06 09 06 4E 06 57 06 11 06 0F 06 4E 06 44 06 56 06 19 06 50 06
42 06 4A 06 51 06 42 06 34 06 35 06 09 06 10 06 FF 05 0E 06 45 06 4B 06 18 06 47 06 43 06 FD 05
05 06 FF 05 0A 06 0E 06 08 06 0A 06 F7 05 06 06 F9 05 39 06 FC 05 04 06 F9 05 FC 05 FD 05 F9 05
01 06 F5 05 0C 06 05 06 09 06 0F 06 1C 06 12 06 15 06 49 06 2E 06 32 06 36 06 42 06 43 06 39 06
45 06 0E 06 12 06 49 06 20 06 0C 06 0F 06 4B 06 14 06 4B 06 3E 06 48 06 4E 06 0F 06 11 06 16 06
1D 06 5A 06 19 06 0D 06 1C 06 17 06 4E 06 4A 06 26 06 43 06 3A 06 10 06 0C 06 2F 06 29 06 4E 06
1D 06 22 06 3B 06 3B 06 38 06 1E 06 65 06 5C 06 30 06 1F 06 1D 06 66 06 36 06 6A 06 35 06 2C 06
2C 06 5C 06 61 06 3F 06 46 06 20 06 25 06 4F 06 62 06 69 06 66 06 67 06 6A 06 66 06 57 06 22 06
37 06 3F 06 30 06 5A 06 5E 06 63 06 69 06 62 06 28 06 34 06 5C 06 63 06 29 06 63 06 2B 06 34 06
6A 06 60 06 5F 06 5E 06 35 06 4D 06 73 06 48 06 35 06 2C 06 30 06 71 06 71 06 73 06 6A 06 68 06
