38 06 4E 06 49 06 5B 06 5E 06 59 06 5C 06 75 06 21 06 53 06 59 06 5D 06 51 06 44 06 35 06 38 06
3C 06 4A 06 27 06 2C 06 3A 06 40 06 38 06 50 06 88 06 3E 06 62 06 3B 06 1E 06 09 06 0D 06 24 06
2B 06 41 06 4D 06 51 06 33 06 18 06 15 06 70 06 15 06 2E 06 3D 06 33 06 46 06 39 06 39 06 6A 06
4A 06 46 06 2B 06 33 06 4B 06 61 06 5A 06 21 06 49 06 5D 06 59 06 6D 06 74 06 7A 06 64 06 67 06
6C 06 66 06 67 06 66 06 93 06 A4 06 46 06 9E 06 92 06 8E 06 9A 06 8A 06 71 06 65 06 64 06 4F 06
58 06 64 06 5F 06 6D 06 85 06 8D 06 77 06 7C 06 5C 06 5E 06 58 06 53 06 4B 06 30 06 49 06 3C 06
30 06 40 06 58 06 56 06 59 06 5B 06 87 06 4B 06 3C 06 31 06 39 06 29 06 13 06 09 06 2F 06 30 06
3C 06 3D 06 44 06 3B 06 3A 06 7A 06 3D 06 43 06 4F 06 40 06 26 06 32 06 3A 06 43 06 59 06 49 06
6B 06 6B 06 5F 06 6B 06 61 06 35 06 6F 06 5B 06 4A 06 57 06 54 06 3F 06 72 06 EC 05 46 06 34 06
44 06 28 06 50 06 6E 06 AA 06 7B 06 CD 06 CA 06 BB 06 9B 06 A8 06 65 06 45 06 15 06 41 06 DB 05
48 06 2D 06 2C 06 FD 05 2D 06 1A 06 1A 06 07 06 14 06 3F 06 46 06 4B 06 42 06 32 06 4E 06 00 06
3A 06 4A 06 03 06 3D 06 F4 05 3A 06 42 06 40 06 4A 06 4A 06 5B 06 5E 06 02 06 35 06 35 06 37 06
2D 06 76 06 87 06 5B 06 2C 06 3A 06 FF 05 0A 06 15 06 40 06 4A 06 43 06 44 06 50 06 F5 05 05 06
F0 05 0E 06 06 06 34 06 23 06 12 06 13 06 58 06 6C 06 6B 06 6D 06 3D 06 78 06 72 06 6D 06 41 06
3B 06 3C 06 3E 06 19 06 53 06 6D 06 4F 06 39 06 34 06 15 06 11 06 11 06 61 06 5E 06 08 06 1A 06
51 06 5C 06 3E 06 1F 06 19 06 55 06 5B 06 18 06 68 06 38 06 5C 06 39 06 32 06 67 06 45 06 42 06
5A 06 66 06 33 06 77 06 22 06 23 06 0E 06 32 06 23 06 15 06 12 06 36 06 3F 06 1B 06 31 06 42 06
12 06 1A 06 03 06 0B 06 1E 06 2F 06 3B 06 38 06 44 06 3F 06 55 06 40 06 46 06 55 06 55 06 6C 06
6D 06 62 06 A6 06 A6 06 8A 06 8C 06 9E 06 50 06 3D 06 39 06 40 06 83 06 45 06 50 06 50 06 31 06
31 06 4E 06 1E 06 1F 06 5D 06 61 06 81 06 7D 06 55 06 6B 06 59 06 24 06 69 06 30 06 53 06 58 06
3C 06 72 06 27 06 31 06 0E 06 0F 06 29 06 7D 06 7B 06 87 06 8E 06 4D 06 6A 06 48 06 50 06 4E 06
62 06 63 06 1A 06 5D 06 23 06 49 06 18 06 04 06 0A 06 0A 06 56 06 39 06 27 06 46 06 11 06 41 06
11 06 3B 06 23 06 FD 05 4D 06 03 06 46 06 43 06 5C 06 14 06 5C 06 4D 06 55 06 5C 06 1D 06 1A 06
55 06 18 06 65 06 3A 06 62 06 35 06 49 06 1E 06 28 06 1E 06 3E 06 7B 06 52 06 8E 06 97 06 51 06
43 06 41 06 35 06 04 06 F5 05 0C 06 48 06 50 06 3C 06 5C 06 52 06 3A 06 40 06 24 06 1A 06 62 06
3A 06 33 06 23 06 23 06 F4 05 F1 05 CE 05 E1 05 FF 05 F9 05 0C 06 05 06 FC 05 FC 05 5C 06 07 06
F4 05 FD 05 4F 06 60 06 8A 06 63 06 30 06 6F 06 02 06 72 06 40 06 75 06 6A 06 3B 06 64 06 3A 06
39 06 77 06 3F 06 57 06 7D 06 2B 06 6D 06 38 06 57 06 0C 06 19 06 59 06 44 06 4B 06 88 06 87 06
32 06 3A 06 48 06 3B 06 25 06 5A 06 60 06 7B 06 7B 06 6B 06 3A 06 84 06 4A 06 5C 06 61 06 92 06
76 06 74 06 54 06 FD 05 19 06 48 06 50 06 68 06 93 06 92 06 98 06 82 06 7B 06 2C 06 6E 06 43 06
16 06 2F 06 83 06 2D 06 37 06 2D 06 31 06 73 06 76 06 6F 06 90 06 48 06 27 06 11 06 1A 06 45 06
72 06 84 06 6C 06 67 06 44 06 66 06 15 06 38 06 70 06 7E 06 6E 06 67 06 3C 06 76 06 9A 06 97 06
75 06 6D 06 81 06 76 06 87 06 92 06 80 06 7E 06 7E 06 6E 06 8A 06 94 06 34 06 87 06 92 06 8B 06
6B 06 4D 06 6C 06 5C 06 3D 06 35 06 3D 06 3D 06 31 06 61 06 96 06 5A 06 3A 06 86 06 72 06 A4 06
49 06 31 06 31 06 09 06 0C 06 41 06 A6 06 A2 06 9A 06 8A 06 30 06 21 06 6C 06 43 06 38 06 33 06
6E 06 40 06 69 06 54 06 66 06 65 06 34 06 30 06 18 06 57 06 38 06 72 06 63 06 52 06 28 06 30 06
1E 06 1E 06 72 06 60 06 4C 06 9A 06 53 06 7A 06 6F 06 86 06 74 06 55 06 72 06 58 06 4F 06 6A 06
3B 06 22 06 2A 06 2B 06 43 06 32 06 59 06 57 06 3B 06 4D 06 2F 06 63 06 49 06 49 06 3D 06 49 06
24 06 48 06 25 06 24 06 56 06 5B 06 2A 06 42 06 30 06 4D 06 2D 06 1B 06 35 06 52 06 1F 06 31 06
FB 05 E5 05 E0 05 D7 05 EE 05 CA 05 F1 05 EB 05 1D 06 4D 06 07 06 F3 05 F4 05 E9 05 F5 05 E9 05
ED 05 0A 06 2B 06 29 06 3B 06 6B 06 40 06 52 06 5F 06 78 06 8F 06 9E 06 8F 06 A0 06 84 06 6F 06
85 06 7D 06 3A 06 5D 06 4B 06 A8 06 8E 06 70 06 AE 06 58 06 6C 06 4F 06 3F 06 6F 06 24 06 25 06
09 06 F5 05 41 06 49 06 2F 06 FB 05 12 06 3F 06 F1 05 23 06 42 06 2F 06 52 06 EA 05 0A 06 1C 06
0C 06 48 06 33 06 5E 06 52 06 89 06 4F 06 12 06 6A 06 50 06 4A 06 F8 05 F7 05 52 06 F6 05 2C 06
15 06 FE 05 E8 05 0F 06 F2 05 FF 05 F2 05 02 06 F0 05 F8 05 46 06 4A 06 52 06 2A 06 52 06 58 06
06 06 16 06 2A 06 60 06 13 06 48 06 5B 06 74 06 7F 06 3F 06 42 06 53 06 57 06 6B 06 2A 06 7C 06
40 06 45 06 6B 06 8E 06 75 06 54 06 66 06 24 06 4A 06 49 06 1C 06 FF 05 1C 06 27 06 38 06 5A 06
3B 06 5A 06 42 06 4D 06 1B 06 38 06 20 06 11 06 0C 06 F4 05 F4 05 EA 05 F6 05 18 06 0E 06 17 06
30 06 17 06 F2 05 E8 05 D8 05 F2 05 3F 06 18 06 07 06 14 06 25 06 6B 06 18 06 48 06 26 06 ED 05
3C 06 28 06 2B 06 33 06 43 06 1D 06 15 06 2F 06 D8 05 FA 05 68 06 3C 06 92 06 89 06 98 06 86 06
42 06 5B 06 0A 06 15 06 06 06 61 06 68 06 7A 06 7A 06 94 06 A2 06 7A 06 68 06 64 06 45 06 3E 06
83 06 58 06 3D 06 49 06 2A 06 29 06 53 06 04 06 19 06 FA 05 4F 06 62 06 46 06 67 06 38 06 2A 06
3B 06 4D 06 66 06 3A 06 42 06 21 06 17 06 23 06 40 06 3D 06 4C 06 17 06 10 06 46 06 20 06 2A 06
30 06 28 06 7C 06 4C 06 67 06 28 06 0A 06 33 06 FF 05 34 06 3D 06 71 06 73 06 61 06 4F 06 47 06
59 06 0E 06 18 06 1C 06 4B 06 5C 06 20 06 4E 06 7A 06 5A 06 56 06 6F 06 60 06 40 06 68 06 4C 06
55 06 39 06 57 06 2F 06 80 06 78 06 67 06 74 06 67 06 66 06 6E 06 76 06 7C 06 80 06 78 06 5E 06
5A 06 5F 06 62 06 2C 06 69 06 64 06 73 06 58 06 7E 06 25 06 53 06 32 06 1A 06 1B 06 2D 06 1B 06
2B 06 70 06 2E 06 46 06 69 06 10 06 4A 06 53 06 10 06 70 06 FE 05 68 06 1D 06 5A 06 66 06 45 06
5B 06 24 06 62 06 2F 06 4C 06 64 06 87 06 6E 06 8E 06 75 06 B7 06 79 06 71 06 6B 06 8E 06 A1 06
7C 06 6F 06 A1 06 43 06 51 06 53 06 3D 06 86 06 7D 06 84 06 88 06 57 06 2C 06 3F 06 44 06 28 06
1F 06 46 06 2D 06 05 06 5A 06 56 06 41 06 80 06 80 06 92 06 76 06 47 06 53 06 64 06 5B 06 43 06
56 06 37 06 29 06 2B 06 1E 06 30 06 3A 06 40 06 53 06 19 06 4A 06 36 06 F0 05 00 06 EB 05 ED 05
1E 06 F8 05 FC 05 02 06 04 06 0A 06 02 06 10 06 18 06 03 06 1F 06 0C 06 1D 06 19 06 21 06 61 06
8A 06 B3 06 51 06 9D 06 55 06 67 06 34 06 27 06 2A 06 27 06 5B 06 75 06 AA 06 85 06 3F 06 50 06
40 06 31 06 5D 06 36 06 77 06 6A 06 52 06 66 06 62 06 55 06 0D 06 21 06 52 06 2B 06 78 06 1A 06
02 06 17 06 FD 05 52 06 37 06 81 06 82 06 71 06 5A 06 50 06 88 06 7A 06 67 06 35 06 45 06 96 06
59 06 47 06 53 06 68 06 55 06 45 06 08 06 10 06 42 06 21 06 5C 06 30 06 5C 06 4F 06 42 06 6E 06
1D 06 5C 06 32 06 29 06 15 06 5B 06 50 06 36 06 6D 06 75 06 74 06 4B 06 5D 06 49 06 9A 06 81 06
3E 06 5C 06 70 06 70 06 33 06 44 06 69 06 6F 06 7A 06 4E 06 91 06 83 06 73 06 73 06 46 06 6E 06
7A 06 42 06 82 06 53 06 55 06 80 06 73 06 58 06 64 06 74 06 6A 06 6E 06 7E 06 52 06 82 06 6C 06
56 06 4E 06 83 06 80 06 53 06 65 06 4B 06 48 06 68 06 34 06 19 06 09 06 29 06 21 06 05 06 05 06
2F 06 48 06 4E 06 3C 06 28 06 2C 06 64 06 41 06 57 06 1D 06 59 06 6A 06 67 06 78 06 50 06 30 06
A3 06 7D 06 73 06 80 06 83 06 6A 06 7C 06 25 06 6F 06 54 06 58 06 39 06 3C 06 25 06 1B 06 24 06
36 06 50 06 55 06 9E 06 82 06 43 06 46 06 0F 06 24 06 0B 06 39 06 20 06 5B 06 48 06 39 06 6C 06
8C 06 2B 06 78 06 31 06 48 06 5B 06 33 06 DD 05 E7 05 3B 06 39 06 DF 05 4F 06 4F 06 0C 06 F5 05
EF 05 E9 05 D5 05 FF 05 4F 06 7B 06 45 06 F8 05 16 06 55 06 2C 06 1F 06 E4 05 0C 06 18 06 1C 06
B2 05 C7 05 1A 06 1C 06 5B 06 33 06 EF 05 25 06 0F 06 3C 06 47 06 64 06 40 06 9E 06 5F 06 76 06
82 06 61 06 79 06 61 06 0D 06 D7 05 11 06 01 06 4D 06 39 06 6E 06 09 06 38 06 42 06 26 06 2B 06
0A 06 2B 06 47 06 42 06 C0 07 A8 07 6F 07 EF 06 A9 0B 37 0A 5F 07 E7 02 E8 01 DD 03 A9 05 FB 04
DB 04 A5 04 4B 06 B2 06 52 06 3D 07 BC 07 D4 08 BC 08 CE 07 B6 07 F0 06 87 07 C2 06 12 06 A3 05
44 05 0F 06 11 06 9A 06 29 07 08 07 1D 07 4C 07 27 07 E6 06 89 06 B1 06 5C 06 90 06 42 05 57 05
57 05 C2 04 CC 03 16 04 59 04 DD 04 6A 05 91 05 34 05 D8 05 B7 05 46 06 3E 07 4F 07 48 07 0A 07
74 07 85 07 E9 07 B9 07 96 07 53 07 F4 06 05 07 FF 05 DF 05 B8 05 E0 05 59 05 C8 05 C0 05 B8 06
75 06 18 06 EF 05 FB 06 13 07 A6 07 95 07 9F 07 4C 07 05 07 B7 06 7B 06 6C 06 13 06 06 06 D8 05
64 05 69 05 AD 05 B3 05 AC 05 A7 05 CF 05 D0 05 66 06 C7 05 F9 05 CD 05 98 05 DD 05 AD 05 DD 05
25 06 0E 06 D5 05 D4 05 0C 06 6C 06 90 06 A7 06 AC 06 8B 06 B8 06 5E 06 C6 06 70 06 CB 06 8B 06
D2 06 98 06 88 06 E7 05 E9 05 BD 05 C9 05 F6 05 04 06 D8 05 17 06 1B 06 DB 05 4C 06 34 06 49 06
4F 06 31 06 6E 06 D1 06 04 07 72 06 43 06 63 06 4A 06 15 06 4D 06 0C 06 70 06 21 06 3B 06 CB 05
F7 05 17 06 2F 06 4E 06 53 06 8E 06 5E 06 71 06 48 06 28 06 8B 06 7B 06 2D 06 6B 06 66 06 9B 06
7A 06 A0 06 1F 06 F9 05 FE 05 11 06 B5 05 E2 05 0C 06 FF 05 EF 05 B8 05 B4 05 08 06 2F 06 42 06
52 06 6E 06 82 06 76 06 9B 06 48 06 37 06 07 06 BB 05 BB 05 0A 06 F8 05 09 06 6D 06 73 06 BA 06
80 06 99 06 8B 06 B5 06 DD 06 EC 06 D9 06 A6 06 93 06 81 06 32 06 03 06 B8 05 01 06 CB 05 E3 05
3A 06 3C 06 5A 06 58 06 68 06 35 06 58 06 49 06 5B 06 37 06 27 06 47 06 3F 06 5D 06 3C 06 2E 06
2A 06 42 06 56 06 7A 06 23 06 5E 06 66 06 66 06 5E 06 4F 06 45 06 33 06 4A 06 48 06 4B 06 64 06
68 06 94 06 74 06 55 06 26 06 24 06 34 06 3C 06 42 06 26 06 2B 06 26 06 0D 06 E7 05 F2 05 E3 05
0A 06 0A 06 0A 06 FB 05 35 06 EC 05 F8 05 FA 05 14 06 19 06 2D 06 19 06 FD 05 0F 06 2D 06 54 06
29 06 0D 06 F7 05 5E 06 50 06 58 06 63 06 88 06 AE 06 9E 06 AB 06 62 06 A0 06 5B 06 A3 06 71 06
7E 06 2A 06 29 06 F4 05 43 06 49 06 4C 06 42 06 5D 06 65 06 86 06 7E 06 74 06 77 06 87 06 77 06
3A 06 2E 06 B8 05 32 06 4D 06 6A 06 72 06 3A 06 0F 06 12 06 38 06 55 06 65 06 55 06 4D 06 27 06
35 06 15 06 4D 06 38 06 3A 06 40 06 34 06 30 06 0D 06 32 06 31 06 52 06 1A 06 0B 06 FC 05 28 06
28 06 4B 06 60 06 55 06 61 06 79 06 3D 06 19 06 00 06 11 06 25 06 31 06 29 06 3A 06 4B 06 52 06
5D 06 A1 06 91 06 AA 06 9E 06 96 06 9A 06 97 06 81 06 49 06 1B 06 48 06 3D 06 4D 06 4F 06 6F 06
9B 06 62 06 8F 06 85 06 BF 06 D2 06 DC 06 BA 06 A2 06 94 06 94 06 90 06 5A 06 52 06 57 06 69 06
59 06 F5 05 28 06 48 06 4B 06 64 06 6C 06 6F 06 75 06 5D 06 55 06 34 06 38 06 24 06 42 06 62 06
82 06 34 06 48 06 3C 06 65 06 42 06 6A 06 56 06 5E 06 48 06 43 06 3B 06 28 06 09 06 2B 06 21 06
7C 06 2D 06 2B 06 1B 06 35 06 4D 06 4D 06 49 06 44 06 47 06 59 06 61 06 41 06 45 06 6A 06 6B 06
3A 06 13 06 17 06 20 06 23 06 3B 06 3B 06 61 06 4B 06 AA 06 7A 06 8C 06 87 06 95 06 A4 06 3A 06
5E 06 6A 06 87 06 51 06 52 06 50 06 4E 06 7E 06 7B 06 87 06 81 06 8A 06 93 06 B8 06 BA 06 7D 06
AC 06 88 06 79 06 5B 06 30 06 21 06 EC 05 EC 05 05 06 02 06 0A 06 FA 05 14 06 30 06 61 06 3A 06
62 06 6E 06 72 06 6A 06 6B 06 5B 06 48 06 19 06 17 06 FD 05 FB 05 F9 05 FB 05 05 06 36 06 F5 05
10 06 FD 05 32 06 37 06 5A 06 59 06 69 06 63 06 71 06 6B 06 5A 06 5F 06 63 06 53 06 2C 06 4A 06
2B 06 29 06 38 06 3F 06 41 06 47 06 4C 06 4E 06 6C 06 6C 06 75 06 62 06 9E 06 46 06 87 06 5E 06
4C 06 40 06 4A 06 20 06 27 06 0A 06 22 06 1A 06 1A 06 2F 06 40 06 74 06 7D 06 85 06 8F 06 AC 06
9D 06 9C 06 5D 06 4F 06 26 06 3A 06 09 06 00 06 DD 05 F2 05 0A 06 FE 05 40 06 12 06 1A 06 28 06
10 06 1B 06 38 06 31 06 4D 06 29 06 21 06 0F 06 0D 06 13 06 1D 06 11 06 5C 06 27 06 0B 06 23 06
17 06 1D 06 23 06 29 06 18 06 52 06 42 06 52 06 43 06 4B 06 5B 06 73 06 3F 06 67 06 5D 06 3B 06
43 06 40 06 4F 06 4C 06 44 06 2D 06 52 06 57 06 57 06 40 06 4A 06 F7 05 5E 06 4A 06 4A 06 44 06
53 06 51 06 52 06 48 06 3C 06 54 06 39 06 38 06 39 06 1D 06 20 06 3E 06 3C 06 4C 06 4C 06 40 06
3A 06 34 06 37 06 42 06 51 06 28 06 3A 06 32 06 32 06 28 06 38 06 60 06 2D 06 10 06 11 06 0B 06
0F 06 FF 05 F7 05 E9 05 E1 05 E5 05 F9 05 09 06 16 06 14 06 56 06 3C 06 7B 06 4D 06 52 06 52 06
52 06 5E 06 57 06 5B 06 59 06 6B 06 5B 06 49 06 3D 06 53 06 18 06 59 06 5F 06 5C 06 6C 06 65 06
69 06 54 06 40 06 42 06 47 06 3C 06 3C 06 32 06 4E 06 0B 06 64 06 49 06 38 06 48 06 5B 06 5D 06
5C 06 59 06 43 06 41 06 4D 06 41 06 1C 06 0E 06 14 06 41 06 29 06 16 06 32 06 18 06 25 06 12 06
18 06 18 06 10 06 16 06 23 06 1B 06 32 06 23 06 36 06 87 06 35 06 39 06 1B 06 1F 06 2B 06 49 06
45 06 4D 06 3C 06 47 06 44 06 30 06 3B 06 3D 06 60 06 40 06 32 06 2A 06 40 06 33 06 3B 06 3B 06
4B 06 42 06 63 06 61 06 53 06 65 06 63 06 67 06 2A 06 55 06 54 06 5F 06 66 06 72 06 76 06 8C 06
7C 06 84 06 76 06 72 06 32 06 76 06 68 06 63 06 EF 05 30 06 2B 06 3F 06 2F 06 44 06 23 06 23 06
19 06 35 06 30 06 40 06 42 06 40 06 3F 06 52 06 1C 06 1D 06 11 06 1B 06 12 06 1A 06 1E 06 32 06
2F 06 3B 06 24 06 35 06 2F 06 33 06 15 06 4D 06 03 06 10 06 11 06 25 06 35 06 4A 06 42 06 3E 06
5D 06 53 06 58 06 5E 06 4E 06 42 06 42 06 4A 06 47 06 57 06 53 06 5B 06 61 06 5F 06 65 06 77 06
7B 06 71 06 51 06 66 06 65 06 61 06 18 06 56 06 57 06 6D 06 77 06 84 06 69 06 7A 06 7A 06 74 06
6F 06 6B 06 8A 06 A9 06 7B 06 7A 06 25 06 64 06 69 06 69 06 5D 06 50 06 35 06 3C 06 3C 06 38 06
2E 06 22 06 1C 06 0C 06 19 06 4B 06 12 06 1A 06 28 06 22 06 1F 06 21 06 0F 06 20 06 43 06 44 06
09 06 0F 06 15 06 13 06 27 06 5A 06 35 06 2C 06 35 06 32 06 52 06 42 06 49 06 49 06 51 06 4E 06
56 06 6A 06 76 06 69 06 47 06 2F 06 52 06 40 06 4E 06 55 06 5D 06 76 06 6B 06 80 06 80 06 45 06
87 06 49 06 76 06 66 06 4A 06 15 06 29 06 35 06 3D 06 44 06 4B 06 3E 06 50 06 7A 06 6B 06 70 06
54 06 5B 06 19 06 0E 06 4A 06 4D 06 1C 06 52 06 67 06 50 06 28 06 28 06 37 06 34 06 6B 06 67 06
63 06 51 06 61 06 20 06 3D 06 42 06 46 06 56 06 0C 06 31 06 22 06 52 06 6B 06 2D 06 34 06 38 06
5D 06 61 06 63 06 44 06 30 06 30 06 29 06 5E 06 51 06 4D 06 58 06 6F 06 5A 06 2E 06 30 06 61 06
56 06 1B 06 58 06 3D 06 7D 06 72 06 10 06 14 06 56 06 27 06 7A 06 39 06 5E 06 4C 06 24 06 4F 06
48 06 31 06 30 06 35 06 34 06 67 06 28 06 6D 06 48 06 29 06 5B 06 3F 06 3C 06 41 06 4D 06 4B 06
41 06 3F 06 56 06 38 06 46 06 42 06 43 06 31 06 24 06 28 06 23 06 1B 06 22 06 26 06 13 06 10 06
11 06 1D 06 63 06 30 06 21 06 19 06 19 06 1B 06 4F 06 19 06 39 06 47 06 5C 06 64 06 4A 06 38 06
4D 06 1C 06 70 06 4B 06 71 06 61 06 56 06 2C 06 48 06 57 06 32 06 41 06 78 06 2F 06 5F 06 24 06
3F 06 82 06 48 06 78 06 73 06 7C 06 74 06 53 06 2E 06 26 06 28 06 36 06 2B 06 30 06 26 06 29 06
55 06 4F 06 27 06 60 06 19 06 4B 06 22 06 45 06 6E 06 5E 06 6B 06 18 06 1B 06 2D 06 34 06 64 06
7F 06 6A 06 84 06 92 06 7F 06 48 06 72 06 38 06 1A 06 FE 05 14 06 A9 05 CB 05 ED 05 18 06 68 06
5D 06 21 06 6C 06 3A 06 65 06 4B 06 7F 06 65 06 6F 06 59 06 69 06 60 06 2C 06 62 06 2D 06 88 06
86 06 99 06 AE 06 8B 06 A3 06 A9 06 A3 06 98 06 8A 06 81 06 75 06 7F 06 72 06 5A 06 61 06 17 06
4C 06 5C 06 5E 06 5E 06 57 06 5D 06 60 06 4E 06 52 06 42 06 42 06 4A 06 45 06 7A 06 8B 06 51 06
80 06 82 06 86 06 73 06 83 06 3D 06 34 06 0D 06 23 06 1E 06 49 06 48 06 4B 06 5B 06 9A 06 88 06
8C 06 86 06 3A 06 77 06 4C 06 66 06 8C 06 3B 06 57 06 2A 06 53 06 42 06 4E 06 5A 06 64 06 35 06
2A 06 6A 06 74 06 6C 06 7E 06 6E 06 25 06 2C 06 34 06 44 06 40 06 5C 06 0F 06 20 06 1A 06 67 06
39 06 39 06 42 06 3B 06 82 06 86 06 61 06 5A 06 2B 06 16 06 2C 06 44 06 3B 06 77 06 82 06 69 06
55 06 94 06 7E 07 A8 06 56 05 DA 05 21 06 EF 05 2C 05 17 05 1A 07 D1 06 4A 06 BB 05 CF 05 C4 06
EC 07 33 08 9A 07 19 07 2B 07 CA 07 75 07 B8 06 FE 05 0B 05 2F 04 C1 03 B9 03 AC 03 C2 03 4E 03
92 03 26 04 BB 04 91 04 5B 06 FD 06 CD 06 0D 08 D5 08 A1 09 74 09 3F 09 C0 09 21 09 EA 08 9B 08
C4 07 EB 06 49 06 F2 05 36 05 8A 04 F2 03 DA 03 E7 03 39 04 F1 03 A4 03 4A 04 82 04 1B 05 3D 05
9B 05 A5 05 DF 05 21 06 93 06 88 06 4A 06 94 06 7D 06 69 06 31 06 3B 06 47 06 4A 06 64 06 AA 06
16 07 C2 06 EA 06 C6 06 7E 06 10 06 2A 06 8D 06 8D 06 1C 06 05 06 9E 06 72 06 8D 06 57 06 CB 06
BB 06 92 06 04 07 89 06 ED 06 2E 07 B1 06 06 07 B0 06 EF 06 CD 06 94 06 6A 06 2B 06 C8 05 77 05
A5 05 94 05 6C 05 3C 05 EC 04 0A 05 22 05 4A 05 00 05 09 05 8E 05 47 05 70 05 7B 05 E3 05 E0 05
DF 05 4F 06 8A 06 6B 06 8B 06 25 06 40 06 BB 06 99 06 C2 06 59 06 C2 06 1E 07 F2 06 E9 06 26 07
1F 07 FE 06 C0 06 9F 06 A0 06 AA 06 9B 06 92 06 14 06 13 06 4A 06 2F 06 ED 05 D9 05 DA 05 08 06
D2 05 F6 05 F4 05 1F 06 EF 05 23 06 21 06 FD 05 30 06 1E 06 1E 06 FF 05 30 06 2C 06 D7 05 B8 05
AC 05 CA 05 B8 05 F0 05 AF 05 12 06 AB 05 DC 05 33 06 F0 05 39 06 4A 06 52 06 82 06 B6 06 DA 06
D4 06 D9 06 D5 06 CB 06 9C 06 B4 06 CE 06 85 06 49 06 E9 05 F4 05 F7 05 D0 05 DF 05 1D 06 17 06
08 06 21 06 AD 05 0F 06 ED 05 15 06 0C 06 2E 06 67 06 29 06 29 06 3B 06 87 06 5E 06 7B 06 5C 06
59 06 61 06 7E 06 79 06 3B 06 31 06 3E 06 35 06 6B 06 4E 06 61 06 11 06 25 06 3C 06 35 06 4D 06
4C 06 6C 06 73 06 86 06 5C 06 76 06 48 06 2D 06 16 06 0D 06 17 06 44 06 10 06 0E 06 23 06 72 06
1F 06 4F 06 6B 06 53 06 7B 06 83 06 6A 06 49 06 82 06 50 06 6B 06 6D 06 82 06 76 06 39 06 3C 06
3A 06 36 06 61 06 6B 06 81 06 71 06 6F 06 8A 06 8E 06 97 06 7F 06 73 06 88 06 7A 06 68 06 69 06
83 06 7F 06 59 06 4F 06 54 06 49 06 28 06 61 06 4F 06 4A 06 3E 06 5E 06 1C 06 3B 06 13 06 11 06
57 06 0D 06 43 06 36 06 30 06 50 06 A6 06 92 06 8A 06 C3 06 CF 06 E6 06 DF 06 AD 06 B8 06 B9 06
94 06 BE 06 68 06 91 06 6A 06 3F 06 8F 06 3D 06 13 06 FE 05 CE 05 E0 05 08 06 19 06 2B 06 1B 06
1C 06 D7 05 4C 06 68 06 62 06 92 06 87 06 5A 06 A9 06 9D 06 C2 06 73 06 91 06 9C 06 76 06 A0 06
65 06 3A 06 22 06 F7 05 E5 05 0C 06 F7 05 15 06 F1 05 F9 05 0B 06 31 06 8F 06 9B 06 8C 06 CE 06
E7 06 FC 06 F5 06 A3 06 9F 06 DC 06 CC 06 A5 06 73 06 8E 06 48 06 28 06 15 06 FE 05 10 06 10 06
40 06 07 06 46 06 4E 06 41 06 FC 05 12 06 1C 06 2D 06 14 06 24 06 22 06 1C 06 1F 06 34 06 40 06
3F 06 3D 06 40 06 6B 06 3E 06 22 06 2B 06 28 06 38 06 42 06 28 06 1C 06 27 06 29 06 21 06 33 06
3B 06 3F 06 45 06 87 06 4D 06 6B 06 51 06 50 06 8A 06 3D 06 79 06 48 06 75 06 6D 06 72 06 6E 06
76 06 76 06 59 06 73 06 35 06 1B 06 6B 06 6E 06 29 06 65 06 07 06 3C 06 F9 05 33 06 EB 05 ED 05
29 06 21 06 0E 06 44 06 49 06 2B 06 22 06 19 06 24 06 25 06 6F 06 86 06 4A 06 53 06 29 06 08 06
0B 06 F6 05 11 06 EE 05 36 06 4A 06 4B 06 53 06 2B 06 45 06 54 06 59 06 75 06 99 06 83 06 8B 06
96 06 55 06 6D 06 62 06 67 06 11 06 09 06 3D 06 20 06 19 06 2D 06 35 06 5C 06 38 06 44 06 50 06
49 06 5B 06 50 06 8F 06 7E 06 72 06 56 06 4C 06 2F 06 F2 05 21 06 D0 05 D5 05 2C 06 2C 06 3A 06
4F 06 2D 06 70 06 83 06 8D 06 95 06 8D 06 95 06 84 06 76 06 72 06 6E 06 5F 06 50 06 36 06 30 06
D9 05 26 06 24 06 27 06 21 06 2E 06 40 06 52 06 4C 06 4D 06 65 06 43 06 5B 06 3F 06 2A 06 5B 06
16 06 0B 06 43 06 26 06 3F 06 ED 05 ED 05 F8 05 FD 05 05 06 27 06 51 06 5A 06 48 06 5E 06 2E 06
5D 06 5C 06 4B 06 53 06 15 06 34 06 10 06 2D 06 2F 06 58 06 4E 06 34 06 2E 06 2F 06 7C 06 30 06
77 06 62 06 6E 06 66 06 58 06 3B 06 30 06 61 06 5E 06 2D 06 52 06 FF 05 42 06 13 06 1D 06 28 06
F9 05 38 06 4B 06 60 06 56 06 53 06 2A 06 12 06 06 06 EB 05 ED 05 0F 06 12 06 27 06 15 06 4A 06
3B 06 33 06 1C 06 21 06 2B 06 47 06 58 06 28 06 21 06 68 06 67 06 56 06 0F 06 31 06 55 06 19 06
1B 06 25 06 62 06 1D 06 3D 06 43 06 25 06 29 06 17 06 0F 06 FF 05 04 06 FF 05 0D 06 3F 06 F5 05
FB 05 07 06 00 06 29 06 3D 06 45 06 45 06 4A 06 43 06 51 06 51 06 56 06 61 06 5B 06 5E 06 52 06
5B 06 59 06 5B 06 68 06 58 06 61 06 61 06 67 06 0E 06 1F 06 5D 06 52 06 30 06 5D 06 48 06 2F 06
1C 06 09 06 13 06 05 06 01 06 FA 05 EA 05 F9 05 2E 06 ED 05 FF 05 18 06 4A 06 21 06 61 06 6E 06
7B 06 77 06 40 06 27 06 35 06 2D 06 77 06 45 06 56 06 5A 06 5E 06 4E 06 42 06 49 06 42 06 42 06
F8 05 16 06 4F 06 16 06 62 06 39 06 2E 06 36 06 58 06 53 06 52 06 5B 06 7E 06 29 06 28 06 5F 06
7C 06 80 06 72 06 72 06 7E 06 71 06 37 06 5E 06 5A 06 35 06 63 06 4C 06 52 06 53 06 1C 06 1C 06
5A 06 63 06 60 06 34 06 63 06 65 06 3A 06 72 06 65 06 66 06 7E 06 86 06 5C 06 71 06 3B 06 3C 06
74 06 FF 05 FE 05 1D 06 5F 06 4A 06 D8 05 30 06 2C 06 28 06 2D 06 D1 05 29 06 11 06 11 06 3F 06
0F 06 28 06 33 06 3A 06 54 06 1C 06 30 06 3E 06 38 06 2A 06 78 06 48 06 28 06 23 06 31 06 49 06
17 06 21 06 51 06 3A 06 01 06 2D 06 72 06 63 06 17 06 93 06 2D 06 68 06 7F 06 1C 06 3E 06 7C 06
10 06 52 06 44 06 48 06 69 06 1A 06 4A 06 12 06 21 06 10 06 36 06 56 06 5A 06 37 06 67 06 43 06
02 06 30 06 1C 06 37 06 FA 05 60 06 10 06 01 06 0D 06 2F 06 2C 06 45 06 34 06 35 06 26 06 4F 06
4D 06 46 06 3B 06 18 06 1E 06 39 06 3B 06 54 06 2C 06 6A 06 53 06 42 06 43 06 5D 06 2F 06 6D 06
44 06 17 06 56 06 0E 06 F8 05 12 06 FE 05 5C 06 05 06 03 06 11 06 10 06 58 06 01 06 45 06 65 06
4A 06 6B 06 8B 06 77 06 59 06 89 06 44 06 48 06 58 06 79 06 76 06 5B 06 49 06 6A 06 42 06 57 06
4B 06 43 06 23 06 3B 06 2F 06 36 06 45 06 4F 06 11 06 66 06 74 06 4E 06 5A 06 6C 06 85 06 82 06
6A 06 70 06 70 06 79 06 7A 06 64 06 4A 06 09 06 45 06 42 06 4C 06 4E 06 37 06 66 06 35 06 57 06
4A 06 3E 06 22 06 4B 06 4B 06 51 06 69 06 44 06 56 06 C5 06 50 06 47 06 6E 06 0C 06 92 06 F0 05
60 06 45 06 5A 06 86 06 27 06 1B 06 1D 06 74 06 62 06 A1 06 81 06 68 06 8E 06 AA 06 34 06 61 06
4B 06 4F 06 34 06 4F 06 92 06 76 06 4B 06 26 06 2B 06 FF 05 2A 06 42 06 37 06 42 06 83 06 6A 06
6B 06 38 06 78 06 72 06 40 06 56 06 63 06 8B 06 61 06 8D 06 7A 06 53 06 72 06 7E 06 7A 06 66 06
3C 06 45 06 62 06 86 06 61 06 81 06 6F 06 45 06 4D 06 58 06 56 06 54 06 6A 06 81 06 68 06 7E 06
BA 06 54 06 54 06 39 06 3C 06 5F 06 3E 06 50 06 2E 06 5F 06 72 06 50 06 53 06 43 06 51 06 58 06
48 06 49 06 5C 06 43 06 41 06 8C 06 4D 06 3D 06 3D 06 3C 06 44 06 47 06 67 06 5C 06 63 06 56 06
79 06 7A 06 7A 06 76 06 6A 06 4A 06 61 06 53 06 43 06 4B 06 43 06 4F 06 43 06 49 06 59 06 68 06
5A 06 66 06 64 06 74 06 50 06 8B 06 87 06 79 06 9E 06 8C 06 85 06 8E 06 6F 06 81 06 83 06 78 06
81 06 72 06 7A 06 74 06 4D 06 79 06 74 06 63 06 69 06 5D 06 58 06 54 06 2E 06 5F 06 42 06 4C 06
5F 06 60 06 68 06 8F 06 5A 06 5F 06 50 06 4B 06 38 06 33 06 30 06 28 06 24 06 0C 06 03 06 07 06
19 06 03 06 F5 05 56 06 09 06 32 06 31 06 35 06 49 06 43 06 3D 06 5B 06 48 06 5A 06 4A 06 56 06
61 06 73 06 3C 06 5F 06 4F 06 5A 06 4C 06 59 06 33 06 3F 06 4E 06 43 06 54 06 4C 06 6D 06 4B 06
52 06 62 06 1E 06 46 06 52 06 58 06 5A 06 66 06 5F 06 5E 06 67 06 4B 06 60 06 63 06 52 06 5C 06
5D 06 4F 06 49 06 45 06 2C 06 34 06 24 06 19 06 0C 06 03 06 F3 05 00 06 00 06 EB 05 E8 05 E8 05
F6 05 2B 06 0A 06 00 06 08 06 F8 05 18 06 1A 06 20 06 29 06 20 06 21 06 29 06 3B 06 34 06 25 06
27 06 6E 06 40 06 44 06 33 06 1D 06 09 06 1F 06 23 06 12 06 12 06 1F 06 21 06 29 06 0B 06 23 06
2F 06 FB 05 2F 06 45 06 4D 06 3A 06 2D 06 44 06 4D 06 4F 06 4F 06 5C 06 5B 06 5A 06 80 06 5E 06
18 06 56 06 62 06 5B 06 49 06 38 06 2F 06 3A 06 22 06 38 06 2C 06 29 06 15 06 2F 06 25 06 2C 06
32 06 28 06 34 06 22 06 12 06 06 06 24 06 30 06 25 06 5E 06 21 06 17 06 12 06 0B 06 0B 06 3D 06
1B 06 04 06 F0 05 FF 05 05 06 0F 06 0B 06 0F 06 11 06 11 06 14 06 05 06 F9 05 23 06 0A 06 4A 06
10 06 36 06 1A 06 26 06 32 06 3E 06 57 06 3F 06 51 06 4B 06 5A 06 53 06 5D 06 49 06 57 06 14 06
4F 06 44 06 41 06 45 06 4E 06 52 06 6A 06 5E 06 57 06 57 06 5A 06 56 06 5A 06 66 06 17 06 64 06
58 06 51 06 5B 06 48 06 44 06 2D 06 3D 06 29 06 2D 06 3D 06 28 06 14 06 1A 06 13 06 25 06 17 06
1B 06 24 06 14 06 1B 06 18 06 22 06 0A 06 1E 06 08 06 11 06 19 06 08 06 11 06 04 06 42 06 13 06
15 06 29 06 2B 06 21 06 39 06 1D 06 37 06 1B 06 21 06 10 06 12 06 15 06 15 06 3F 06 3A 06 32 06
46 06 5B 06 61 06 63 06 43 06 2A 06 4E 06 41 06 6F 06 6F 06 65 06 5F 06 64 06 20 06 65 06 76 06
6F 06 72 06 77 06 67 06 6E 06 74 06 6A 06 5A 06 52 06 5A 06 6F 06 62 06 2D 06 6E 06 68 06 5D 06
5C 06 47 06 39 06 33 06 25 06 19 06 1C 06 2C 06 2E 06 36 06 2A 06 22 06 4E 06 25 06 28 06 03 06
0C 06 1A 06 26 06 38 06 1F 06 1A 06 28 06 0C 06 19 06 1D 06 11 06 19 06 62 06 19 06 23 06 20 06
25 06 29 06 35 06 36 06 2A 06 30 06 4A 06 4B 06 5E 06 5A 06 52 06 58 06 61 06 61 06 5B 06 5F 06
6F 06 6E 06 69 06 69 06 67 06 75 06 6A 06 61 06 5F 06 55 06 56 06 1A 06 5A 06 4E 06 4E 06 57 06
50 06 5E 06 5E 06 6A 06 6D 06 7A 06 7B 06 91 06 7B 06 80 06 75 06 49 06 83 06 42 06 53 06 55 06
49 06 34 06 1F 06 28 06 16 06 1A 06 1C 06 10 06 0C 06 15 06 4B 06 28 06 24 06 1E 06 1F 06 19 06
13 06 18 06 18 06 13 06 0D 06 23 06 25 06 25 06 0D 06 15 06 52 06 1C 06 19 06 35 06 37 06 3B 06
45 06 3D 06 43 06 56 06 6A 06 6E 06 77 06 62 06 73 06 4F 06 5B 06 5B 06 45 06 48 06 49 06 47 06
56 06 55 06 65 06 60 06 55 06 65 06 5E 06 66 06 6A 06 26 06 65 06 82 06 78 06 92 06 96 06 83 06
89 06 78 06 6F 06 5A 06 62 06 49 06 38 06 3C 06 31 06 25 06 24 06 25 06 1C 06 1F 06 24 06 1B 06
1C 06 17 06 30 06 37 06 38 06 38 06 30 06 2E 06 6C 06 41 06 33 06 28 06 24 06 23 06 1C 06 21 06
21 06 1D 06 2D 06 21 06 2B 06 62 06 35 06 2D 06 72 06 37 06 46 06 55 06 59 06 4F 06 62 06 57 06
5A 06 53 06 6D 06 63 06 6B 06 6A 06 6D 06 6A 06 3D 06 6D 06 77 06 7B 06 74 06 73 06 7C 06 85 06
82 06 7A 06 87 06 77 06 77 06 79 06 80 06 3F 06 76 06 77 06 68 06 69 06 6A 06 6F 06 73 06 6D 06
61 06 5F 06 5C 06 45 06 3F 06 43 06 59 06 42 06 45 06 46 06 50 06 44 06 3E 06 44 06 3A 06 48 06
3E 06 4A 06 42 06 33 06 32 06 21 06 6B 06 29 06 1F 06 25 06 21 06 29 06 2D 06 2D 06 2B 06 1D 06
29 06 2D 06 34 06 2D 06 40 06 36 06 69 06 41 06 53 06 40 06 5E 06 6A 06 73 06 83 06 6B 06 83 06
7D 06 88 06 75 06 7B 06 79 06 77 06 36 06 74 06 82 06 6D 06 76 06 74 06 7C 06 7A 06 80 06 3D 06
4D 06 8E 06 7E 06 7A 06 80 06 3A 06 7D 06 6F 06 68 06 5A 06 6B 06 5D 06 55 06 5B 06 4F 06 45 06
39 06 34 06 28 06 2F 06 2E 06 51 06 44 06 3F 06 48 06 3C 06 41 06 46 06 4A 06 38 06 23 06 21 06
6A 06 2E 06 5E 06 1F 06 2D 06 34 06 58 06 57 06 52 06 4F 06 5B 06 53 06 5A 06 5C 06 2B 06 35 06
3C 06 43 06 24 06 5C 06 30 06 34 06 3F 06 62 06 31 06 2E 06 30 06 6E 06 76 06 4F 06 4F 06 69 06
3C 06 40 06 44 06 50 06 7A 06 39 06 35 06 44 06 2D 06 7D 06 43 06 5F 06 35 06 37 06 6E 06 6E 06
6E 06 47 06 4E 06 56 06 34 06 64 06 4D 06 6E 06 35 06 37 06 45 06 44 06 43 06 3F 06 60 06 74 06
36 06 32 06 69 06 56 06 38 06 32 06 2A 06 66 06 50 06 19 06 65 06 29 06 6A 06 3E 06 50 06 63 06
56 06 56 06 53 06 48 06 48 06 52 06 28 06 6F 06 43 06 89 06 7D 06 4B 06 51 06 51 06 50 06 4E 06
5A 06 5A 06 54 06 59 06 60 06 52 06 56 06 49 06 3D 06 4D 06 4B 06 53 06 62 06 62 06 5C 06 54 06
44 06 4C 06 0E 06 56 06 57 06 65 06 6C 06 6E 06 5E 06 30 06 2B 06 31 06 1E 06 51 06 19 06 2A 06
28 06 28 06 57 06 26 06 1A 06 1A 06 13 06 1D 06 5B 06 57 06 5D 06 52 06 4E 06 25 06 5C 06 19 06
3E 06 09 06 46 06 35 06 05 06 03 06 03 06 F8 05 FE 05 53 06 54 06 64 06 54 06 55 06 4A 06 3D 06
2F 06 0C 06 25 06 53 06 18 06 40 06 18 06 61 06 21 06 19 06 1C 06 16 06 5E 06 5E 06 47 06 3B 06
4C 06 11 06 21 06 1D 06 1D 06 14 06 43 06 07 06 4D 06 3F 06 2D 06 F3 05 3C 06 42 06 36 06 47 06
44 06 06 06 36 06 E1 05 27 06 21 06 41 06 18 06 3A 06 10 06 17 06 1D 06 18 06 4F 06 1A 06 47 06
F8 05 FF 05 F3 05 ED 05 EC 05 FA 05 FE 05 F5 05 FC 05 04 06 05 06 08 06 10 06 16 06 2A 06 52 06
11 06 1B 06 19 06 13 06 05 06 FF 05 F5 05 F5 05 ED 05 09 06 10 06 10 06 0D 06 19 06 3E 06 5F 06
4B 06 2D 06 38 06 20 06 35 06 1F 06 52 06 53 06 6A 06 6E 06 6C 06 6C 06 74 06 5F 06 66 06 5F 06
2C 06 1F 06 1D 06 57 06 21 06 24 06 58 06 25 06 66 06 2A 06 5E 06 21 06 24 06 20 06 23 06 4A 06
45 06 4E 06 FF 05 FF 05 09 06 19 06 15 06 41 06 4F 06 48 06 3B 06 18 06 FB 05 42 06 49 06 4F 06
04 06 4A 06 58 06 57 06 54 06 F7 05 09 06 FE 05 FE 05 21 06 44 06 57 06 5D 06 24 06 6B 06 24 06
5D 06 52 06 25 06 25 06 58 06 29 06 25 06 35 06 3F 06 6E 06 7C 06 4A 06 6F 06 33 06 2E 06 4D 06
09 06 2C 06 4E 06 58 06 67 06 6C 06 38 06 70 06 43 06 46 06 6E 06 5F 06 57 06 1B 06 54 06 59 06
61 06 66 06 7A 06 87 06 66 06 7A 06 67 06 64 06 76 06 6A 06 66 06 6F 06 2C 06 7F 06 88 06 73 06
7B 06 58 06 4F 06 43 06 33 06 41 06 35 06 34 06 35 06 3C 06 3C 06 60 06 21 06 64 06 23 06 67 06
61 06 72 06 2C 06 25 06 31 06 36 06 46 06 43 06 7C 06 87 06 89 06 81 06 97 06 92 06 94 06 8B 06
7C 06 41 06 7D 06 3A 06 45 06 45 06 87 06 77 06 6B 06 68 06 41 06 3D 06 6D 06 78 06 6F 06 76 06
58 06 56 06 4E 06 4B 06 81 06 92 06 52 06 81 06 49 06 8A 06 6E 06 73 06 39 06 35 06 6D 06 5C 06
85 06 8A 06 7E 06 58 06 38 06 39 06 36 06 2F 06 2D 06 5A 06 61 06 54 06 62 06 59 06 4F 06 54 06
4B 06 3F 06 23 06 72 06 38 06 3E 06 6F 06 6D 06 4B 06 66 06 72 06 39 06 3F 06 3D 06 45 06 76 06
47 06 45 06 3C 06 55 06 49 06 68 06 31 06 43 06 3B 06 4B 06 87 06 39 06 30 06 31 06 45 06 40 06
46 06 3A 06 49 06 65 06 6A 06 6E 06 5F 06 5E 06 57 06 4D 06 71 06 6A 06 6C 06 73 06 6F 06 6D 06
67 06 6B 06 65 06 55 06 19 06 52 06 20 06 54 06 5B 06 5B 06 25 06 2D 06 31 06 2F 06 2D 06 2C 06
44 06 51 06 55 06 5E 06 52 06 62 06 53 06 2B 06 38 06 4F 06 55 06 6F 06 8E 06 6F 06 7B 06 1D 06
15 06 F8 05 0A 06 24 06 4A 06 4B 06 63 06 69 06 39 06 66 06 5D 06 61 06 62 06 2D 06 4B 06 6F 06
62 06 6A 06 5A 06 28 06 2C 06 5D 06 44 06 4E 06 2D 06 3D 06 42 06 2F 06 72 06 65 06 66 06 5D 06
62 06 5B 06 24 06 20 06 60 06 5B 06 1A 06 39 06 62 06 56 06 49 06 18 06 3B 06 61 06 65 06 6C 06
23 06 54 06 17 06 18 06 34 06 39 06 33 06 30 06 3C 06 2D 06 54 06 53 06 0A 06 1E 06 16 06 32 06
5E 06 52 06 57 06 4F 06 5C 06 51 06 39 06 3A 06 2D 06 28 06 1F 06 1A 06 14 06 2C 06 30 06 25 06
2C 06 23 06 28 06 26 06 32 06 30 06 67 06 39 06 38 06 28 06 2C 06 31 06 39 06 5A 06 39 06 70 06
79 06 3A 06 87 06 58 06 79 06 5D 06 34 06 60 06 61 06 73 06 36 06 37 06 72 06 31 06 5E 06 67 06
38 06 4E 06 12 06 46 06 1B 06 27 06 5D 06 1C 06 60 06 5B 06 54 06 59 06 4E 06 08 06 1A 06 10 06
1E 06 10 06 54 06 27 06 1F 06 56 06 66 06 1F 06 55 06 1D 06 4B 06 24 06 56 06 5F 06 4B 06 57 06
0E 06 FB 05 09 06 0C 06 42 06 42 06 23 06 3D 06 48 06 3A 06 4E 06 5D 06 66 06 3A 06 22 06 6A 06
2F 06 29 06 33 06 38 06 21 06 1E 06 15 06 25 06 36 06 5E 06 25 06 6A 06 6E 06 5B 06 5A 06 4F 06
4F 06 1F 06 4B 06 1C 06 4F 06 4B 06 54 06 4D 06 52 06 47 06 49 06 59 06 46 06 62 06 56 06 52 06
53 06 5B 06 55 06 5B 06 22 06 4D 06 4D 06 47 06 46 06 47 06 50 06 45 06 45 06 48 06 44 06 4A 06
4E 06 56 06 43 06 F5 05 38 06 38 06 33 06 40 06 39 06 0E 06 40 06 11 06 48 06 0B 06 19 06 0D 06
1F 06 28 06 1D 06 6B 06 6D 06 5F 06 62 06 20 06 62 06 4B 06 2C 06 62 06 0B 06 5A 06 04 06 4A 06
55 06 40 06 42 06 61 06 29 06 22 06 56 06 52 06 5C 06 40 06 3F 06 10 06 46 06 0E 06 14 06 25 06
46 06 48 06 19 06 11 06 4E 06 15 06 3D 06 36 06 26 06 6A 06 38 06 47 06 26 06 27 06 FE 05 10 06
F7 05 F9 05 2E 06 FE 05 01 06 09 06 4A 06 54 06 09 06 41 06 4E 06 42 06 4F 06 37 06 4C 06 48 06
4E 06 3C 06 47 06 29 06 0D 06 11 06 06 06 11 06 09 06 03 06 4F 06 18 06 45 06 4B 06 11 06 15 06
17 06 53 06 11 06 18 06 0A 06 13 06 FF 05 0B 06 02 06 09 06 0D 06 05 06 05 06 09 06 11 06 29 06
14 06 46 06 05 06 05 06 25 06 1E 06 20 06 30 06 3A 06 2D 06 31 06 39 06 52 06 52 06 47 06 52 06
5A 06 28 06 5A 06 27 06 29 06 0B 06 52 06 4E 06 4F 06 56 06 48 06 4F 06 09 06 15 06 30 06 10 06
2A 06 25 06 23 06 30 06 21 06 5E 06 33 06 5B 06 3E 06 3A 06 30 06 2A 06 59 06 5D 06 7A 06 2C 06
76 06 2F 06 39 06 37 06 6E 06 69 06 62 06 57 06 2C 06 1B 06 52 06 2B 06 76 06 29 06 49 06 37 06
6C 06 6C 06 32 06 37 06 32 06 38 06 3E 06 80 06 5D 06 74 06 69 06 6C 06 66 06 5B 06 4D 06 69 06
3D 06 34 06 3C 06 49 06 39 06 33 06 1A 06 05 06 32 06 3B 06 4B 06 16 06 4A 06 5A 06 36 06 70 06
5E 06 4E 06 5A 06 14 06 4B 06 4E 06 46 06 58 06 48 06 52 06 66 06 6E 06 6E 06 80 06 33 06 6A 06
8A 06 8A 06 75 06 85 06 65 06 68 06 6F 06 71 06 5D 06 5D 06 4D 06 49 06 58 06 45 06 3D 06 45 06
44 06 3B 06 32 06 3C 06 3C 06 41 06 36 06 33 06 39 06 74 06 71 06 41 06 3D 06 6E 06 6E 06 5B 06
43 06 66 06 67 06 66 06 5F 06 63 06 58 06 7A 06 54 06 3C 06 69 06 76 06 61 06 47 06 4D 06 44 06
41 06 4A 06 46 06 75 06 85 06 72 06 73 06 45 06 48 06 41 06 45 06 3C 06 30 06 6A 06 2C 06 35 06
33 06 6D 06 64 06 33 06 4C 06 25 06 77 06 6F 06 72 06 30 06 37 06 35 06 3B 06 6A 06 6D 06 75 06
3B 06 3F 06 41 06 45 06 45 06 46 06 3E 06 7F 06 4D 06 54 06 83 06 4F 06 5B 06 52 06 47 06 80 06
5A 06 41 06 3A 06 38 06 6E 06 2A 06 22 06 52 06 2B 06 3C 06 4B 06 77 06 60 06 52 06 29 06 30 06
57 06 4F 06 4B 06 21 06 25 06 2D 06 2D 06 34 06 41 06 49 06 43 06 65 06 5A 06 5A 06 5A 06 53 06
53 06 60 06 6B 06 72 06 68 06 75 06 71 06 67 06 62 06 5B 06 60 06 27 06 6D 06 6D 06 5D 06 67 06
66 06 3D 06 25 06 2D 06 29 06 55 06 21 06 43 06 38 06 36 06 5A 06 30 06 31 06 2C 06 63 06 61 06
29 06 63 06 4B 06 48 06 37 06 2B 06 70 06 44 06 75 06 7D 06 50 06 85 06 39 06 49 06 48 06 4A 06
55 06 6F 06 72 06 6D 06 6B 06 6A 06 28 06 64 06 5B 06 4F 06 67 06 5F 06 3C 06 6B 06 4C 06 63 06
2A 06 3A 06 25 06 34 06 66 06 6A 06 56 06 42 06 0F 06 13 06 40 06 44 06 48 06 35 06 29 06 61 06
13 06 4D 06 49 06 11 06 55 06 67 06 74 06 80 06 45 06 6B 06 62 06 62 06 75 06 41 06 82 06 7E 06
38 06 54 06 8F 06 46 06 48 06 76 06 45 06 66 06 3F 06 48 06 50 06 3E 06 51 06 45 06 49 06 34 06
34 06 44 06 32 06 26 06 22 06 24 06 24 06 1F 06 57 06 1E 06 2E 06 36 06 33 06 2B 06 2B 06 29 06
28 06 2B 06 FB 05 1B 06 19 06 10 06 21 06 2C 06 86 06 39 06 45 06 39 06 29 06 5B 06 08 06 4E 06
1F 06 54 06 4D 06 55 06 4E 06 4E 06 46 06 39 06 02 06 F6 05 06 06 41 06 4A 06 0C 06 51 06 09 06
4E 06 05 06 36 06 09 06 07 06 3F 06 3C 06 1E 06 5C 06 4F 06 23 06 1B 06 18 06 10 06 14 06 54 06
52 06 52 06 57 06 4A 06 1C 06 25 06 0E 06 2F 06 0F 06 46 06 5A 06 50 06 4E 06 02 06 05 06 10 06
10 06 32 06 32 06 33 06 43 06 49 06 23 06 43 06 1B 06 5E 06 0B 06 FC 05 3F 06 FF 05 EF 05 FB 05
F9 05 25 06 FC 05 F4 05 19 06 17 06 F9 05 07 06 3E 06 4A 06 4A 06 46 06 47 06 45 06 04 06 3C 06
F3 05 F9 05 4A 06 42 06 3C 06 0B 06 3F 06 43 06 2B 06 31 06 2E 06 4D 06 4C 06 45 06 4C 06 56 06
4A 06 4C 06 57 06 64 06 62 06 18 06 4E 06 4F 06 56 06 4F 06 48 06 49 06 32 06 43 06 3F 06 3D 06
3D 06 18 06 2D 06 29 06 14 06 12 06 FE 05 0B 06 08 06 14 06 15 06 14 06 27 06 19 06 1E 06 32 06
16 06 1B 06 23 06 22 06 5D 06 1A 06 1D 06 10 06 0B 06 01 06 05 06 0F 06 00 06 F5 05 10 06 F1 05
07 06 25 06 26 06 47 06 6B 06 5D 06 31 06 59 06 11 06 29 06 16 06 2D 06 29 06 4F 06 49 06 34 06
35 06 1E 06 5D 06 48 06 40 06 44 06 34 06 5A 06 28 06 2A 06 49 06 5B 06 66 06 30 06 4C 06 0C 06
3F 06 32 06 36 06 13 06 17 06 45 06 45 06 5F 06 62 06 5F 06 54 06 1F 06 08 06 F2 05 F4 05 F1 05
0C 06 3E 06 58 06 4D 06 57 06 4C 06 3F 06 3D 06 45 06 69 06 70 06 45 06 3E 06 3E 06 6C 06 24 06
2C 06 3A 06 20 06 13 06 1D 06 25 06 5C 06 20 06 2D 06 32 06 17 06 23 06 21 06 14 06 0B 06 05 06
03 06 0F 06 0C 06 19 06 0D 06 05 06 19 06 36 06 36 06 6A 06 31 06 45 06 40 06 40 06 40 06 36 06
3B 06 39 06 53 06 56 06 4A 06 49 06 45 06 40 06 05 06 4F 06 57 06 55 06 38 06 0D 06 43 06 47 06
18 06 09 06 21 06 21 06 19 06 0B 06 05 06 0C 06 52 06 2B 06 3B 06 3E 06 3E 06 0C 06 03 06 18 06
51 06 31 06 53 06 6A 06 50 06 55 06 21 06 11 06 21 06 1B 06 4B 06 36 06 3E 06 4A 06 47 06 59 06
22 06 52 06 45 06 4A 06 0B 06 29 06 40 06 5A 06 5E 06 5A 06 26 06 1B 06 38 06 34 06 3B 06 43 06
0D 06 07 06 0F 06 4E 06 52 06 4F 06 4F 06 1D 06 48 06 24 06 22 06 47 06 5D 06 1A 06 53 06 4B 06
45 06 54 06 29 06 2D 06 59 06 5B 06 4E 06 6C 06 69 06 31 06 38 06 5C 06 4F 06 55 06 21 06 35 06
6E 06 47 06 61 06 F4 05 38 06 30 06 27 06 62 06 5A 06 58 06 4F 06 3F 06 4B 06 3F 06 45 06 39 06
3D 06 3C 06 32 06 3A 06 3E 06 39 06 5A 06 30 06 35 06 28 06 2E 06 32 06 26 06 1B 06 1B 06 2B 06
20 06 30 06 21 06 1D 06 3B 06 5E 06 4F 06 56 06 30 06 6A 06 43 06 63 06 58 06 6B 06 7D 06 6F 06
67 06 28 06 2A 06 7B 06 38 06 4A 06 23 06 5C 06 6A 06 1E 06 68 06 26 06 3E 06 23 06 28 06 6A 06
64 06 6A 06 77 06 62 06 35 06 63 06 30 06 2A 06 1C 06 78 06 3E 06 47 06 47 06 76 06 56 06 46 06
50 06 82 06 2C 06 82 06 3E 06 6B 06 7F 06 2C 06 38 06 4D 06 55 06 72 06 55 06 55 06 73 06 6F 06
72 06 6A 06 4F 06 7D 06 7F 06 38 06 72 06 3A 06 2B 06 52 06 33 06 72 06 30 06 3E 06 2F 06 31 06
88 06 38 06 39 06 76 06 64 06 83 06 6B 06 89 06 50 06 7B 06 4A 06 3E 06 6E 06 79 06 75 06 6A 06
66 06 75 06 73 06 58 06 6E 06 7A 06 6F 06 83 06 6F 06 7B 06 71 06 81 06 7C 06 79 06 81 06 75 06
86 06 76 06 7D 06 3E 06 80 06 7A 06 7E 06 78 06 72 06 7B 06 7D 06 88 06 82 06 7A 06 6E 06 68 06
74 06 68 06 50 06 51 06 63 06 44 06 38 06 5C 06 42 06 42 06 40 06 4B 06 48 06 3C 06 48 06 3A 06
42 06 3A 06 88 06 3B 06 41 06 38 06 3B 06 4E 06 41 06 41 06 49 06 33 06 31 06 31 06 41 06 35 06
34 06 3D 06 86 06 34 06 39 06 3A 06 59 06 47 06 52 06 52 06 56 06 7A 06 77 06 63 06 6A 06 5B 06
74 06 31 06 6C 06 65 06 6F 06 66 06 68 06 64 06 64 06 5D 06 6E 06 66 06 67 06 86 06 74 06 87 06
81 06 41 06 76 06 6B 06 80 06 75 06 79 06 6B 06 6F 06 74 06 6F 06 65 06 54 06 3D 06 3D 06 25 06
25 06 30 06 20 06 26 06 24 06 2A 06 32 06 3D 06 25 06 28 06 4E 06 32 06 3A 06 38 06 27 06 2B 06
6F 06 28 06 28 06 27 06 41 06 45 06 43 06 1D 06 2D 06 25 06 F9 05 21 06 F1 05 1D 06 22 06 10 06
4C 06 29 06 2F 06 33 06 50 06 4A 06 57 06 49 06 59 06 59 06 52 06 4F 06 4F 06 53 06 49 06 0D 06
55 06 62 06 74 06 5F 06 75 06 77 06 64 06 72 06 76 06 7E 06 72 06 6A 06 72 06 72 06 6A 06 1F 06
61 06 61 06 4E 06 68 06 54 06 55 06 54 06 4F 06 3F 06 2B 06 34 06 2D 06 1F 06 1F 06 28 06 41 06
3B 06 30 06 24 06 31 06 32 06 1E 06 28 06 22 06 2B 06 29 06 20 06 31 06 2D 06 30 06 6F 06 21 06
25 06 21 06 21 06 17 06 17 06 25 06 25 06 27 06 2D 06 40 06 24 06 1D 06 2D 06 43 06 5D 06 5A 06
52 06 5B 06 63 06 61 06 22 06 70 06 62 06 62 06 65 06 63 06 7D 06 7A 06 79 06 74 06 29 06 6C 06
56 06 72 06 5F 06 70 06 70 06 6D 06 82 06 66 06 5E 06 5F 06 67 06 71 06 5B 06 43 06 7A 06 5D 06
78 06 4F 06 41 06 38 06 2D 06 21 06 1C 06 24 06 2C 06 2E 06 2A 06 36 06 27 06 5E 06 38 06 37 06
18 06 1E 06 1E 06 1F 06 21 06 28 06 20 06 12 06 05 06 0D 06 15 06 FF 05 49 06 0F 06 11 06 21 06
1D 06 39 06 2F 06 21 06 26 06 26 06 3B 06 3F 06 47 06 5A 06 62 06 67 06 4C 06 59 06 5B 06 69 06
5E 06 5F 06 6F 06 82 06 89 06 70 06 69 06 66 06 65 06 6C 06 71 06 6F 06 33 06 67 06 6E 06 66 06
64 06 5A 06 4E 06 5E 06 47 06 67 06 61 06 68 06 6F 06 63 06 60 06 15 06 39 06 2D 06 2F 06 25 06
29 06 3B 06 2C 06 2E 06 2E 06 32 06 3B 06 3C 06 30 06 21 06 1A 06 73 06 2A 06 22 06 14 06 10 06
0B 06 0C 06 F9 05 F4 05 F9 05 05 06 ED 05 0D 06 05 06 10 06 0D 06 52 06 0D 06 09 06 17 06 10 06
10 06 21 06 2B 06 35 06 33 06 46 06 42 06 43 06 4B 06 49 06 28 06 40 06 4A 06 53 06 39 06 45 06
42 06 40 06 42 06 47 06 51 06 54 06 46 06 46 06 56 06 4E 06 0A 06 4C 06 4E 06 42 06 4B 06 47 06
49 06 4F 06 49 06 3E 06 30 06 2C 06 1C 06 28 06 1B 06 05 06 15 06 21 06 24 06 1F 06 2F 06 06 06
06 06 F0 05 08 06 00 06 0C 06 02 06 08 06 FA 05 F6 05 35 06 F7 05 F1 05 F3 05 F8 05 FF 05 09 06
FF 05 0D 06 FD 05 F7 05 0D 06 00 06 FC 05 09 06 3E 06 5A 06 22 06 22 06 2B 06 3F 06 52 06 52 06
46 06 3A 06 53 06 67 06 61 06 5A 06 52 06 5B 06 29 06 59 06 5B 06 4F 06 56 06 65 06 6C 06 6D 06
84 06 67 06 66 06 56 06 55 06 66 06 54 06 52 06 0B 06 54 06 66 06 5D 06 60 06 60 06 52 06 4A 06
42 06 37 06 2F 06 29 06 39 06 2F 06 24 06 29 06 30 06 1E 06 1E 06 22 06 20 06 20 06 16 06 18 06
1A 06 0A 06 02 06 1E 06 16 06 1B 06 2F 06 5D 06 28 06 18 06 21 06 23 06 13 06 20 06 10 06 11 06
11 06 1D 06 11 06 15 06 1F 06 1F 06 27 06 55 06 3F 06 53 06 49 06 66 06 7B 06 73 06 63 06 63 06
60 06 5F 06 68 06 59 06 60 06 63 06 34 06 5B 06 69 06 67 06 75 06 84 06 76 06 74 06 67 06 6E 06
1B 06 5E 06 5E 06 5E 06 66 06 66 06 33 06 7D 06 6F 06 73 06 68 06 68 06 46 06 54 06 41 06 41 06
3F 06 49 06 35 06 3D 06 3A 06 36 06 4B 06 35 06 37 06 38 06 41 06 38 06 28 06 2E 06 27 06 23 06
1F 06 21 06 1D 06 1D 06 2C 06 6A 06 29 06 39 06 3F 06 51 06 41 06 45 06 4C 06 3D 06 50 06 56 06
5B 06 61 06 5D 06 73 06 7B 06 8B 06 76 06 82 06 82 06 83 06 83 06 86 06 7F 06 7D 06 79 06 6F 06
69 06 61 06 73 06 82 06 80 06 49 06 85 06 87 06 7C 06 86 06 84 06 79 06 82 06 92 06 7E 06 7E 06
74 06 7B 06 81 06 78 06 3D 06 7C 06 7A 06 74 06 61 06 7C 06 35 06 3D 06 35 06 48 06 4F 06 3A 06
3A 06 33 06 44 06 40 06 66 06 45 06 34 06 28 06 42 06 36 06 64 06 72 06 3B 06 31 06 28 06 30 06
2B 06 2D 06 25 06 6E 06 24 06 25 06 29 06 2D 06 41 06 3C 06 50 06 4D 06 4A 06 6B 06 59 06 63 06
6E 06 7A 06 76 06 6E 06 8B 06 79 06 6F 06 6B 06 7B 06 5B 06 70 06 32 06 55 06 3D 06 31 06 75 06
40 06 39 06 5F 06 3F 06 6D 06 4F 06 3D 06 30 06 3C 06 57 06 35 06 37 06 64 06 51 06 3B 06 3C 06
6E 06 65 06 72 06 6C 06 68 06 5D 06 36 06 28 06 49 06 6A 06 21 06 33 06 3E 06 30 06 43 06 32 06
4E 06 4A 06 12 06 66 06 1E 06 3D 06 34 06 5A 06 73 06 34 06 2D 06 45 06 6B 06 62 06 6F 06 61 06
23 06 29 06 5E 06 72 06 7E 06 6E 06 66 06 6A 06 5F 06 2F 06 31 06 6A 06 63 06 39 06 29 06 53 06
63 06 49 06 2A 06 49 06 53 06 25 06 35 06 1C 06 57 06 4F 06 1D 06 58 06 5E 06 6E 06 5D 06 3D 06
43 06 3C 06 2D 06 6F 06 2D 06 31 06 6D 06 66 06 5B 06 4F 06 54 06 58 06 4D 06 5C 06 3F 06 29 06
25 06 1D 06 15 06 18 06 0C 06 1E 06 12 06 1C 06 03 06 FD 05 0E 06 10 06 0A 06 16 06 16 06 26 06
59 06 28 06 2B 06 1C 06 4F 06 33 06 55 06 42 06 28 06 77 06 3F 06 73 06 70 06 68 06 60 06 5D 06
37 06 75 06 47 06 44 06 37 06 5A 06 30 06 5B 06 65 06 1E 06 53 06 41 06 31 06 28 06 33 06 1B 06
62 06 47 06 41 06 33 06 27 06 15 06 1F 06 24 06 30 06 1C 06 15 06 1D 06 25 06 5A 06 25 06 1C 06
1C 06 29 06 22 06 50 06 55 06 4A 06 4B 06 13 06 02 06 1D 06 0F 06 3A 06 10 06 1E 06 16 06 4F 06
29 06 06 06 45 06 EF 05 10 06 12 06 52 06 22 06 1A 06 22 06 FE 05 4A 06 45 06 13 06 0C 06 0E 06
58 06 29 06 5F 06 68 06 6F 06 67 06 6F 06 69 06 43 06 64 06 31 06 1C 06 39 06 39 06 28 06 3A 06
52 06 56 06 5A 06 53 06 59 06 4B 06 49 06 40 06 52 06 4F 06 57 06 5D 06 5B 06 32 06 53 06 59 06
47 06 4C 06 56 06 4E 06 5A 06 57 06 65 06 5E 06 6C 06 5E 06 6E 06 6C 06 5D 06 61 06 4C 06 4A 06
62 06 19 06 27 06 4D 06 2E 06 28 06 24 06 36 06 2F 06 2B 06 28 06 66 06 53 06 24 06 1A 06 62 06
42 06 11 06 56 06 10 06 48 06 18 06 4E 06 4E 06 45 06 50 06 34 06 29 06 66 06 77 06 74 06 6E 06
6E 06 5E 06 39 06 21 06 0F 06 11 06 10 06 57 06 32 06 6D 06 28 06 6A 06 75 06 2D 06 14 06 0A 06
46 06 51 06 58 06 60 06 2D 06 28 06 18 06 06 06 02 06 08 06 07 06 15 06 65 06 76 06 82 06 2D 06
6E 06 65 06 72 06 52 06 14 06 03 06 15 06 0D 06 26 06 32 06 2B 06 12 06 3C 06 12 06 04 06 10 06
FE 05 41 06 06 06 3A 06 5A 06 10 06 05 06 09 06 10 06 09 06 15 06 4B 06 18 06 23 06 1F 06 16 06
13 06 13 06 1B 06 22 06 1B 06 21 06 24 06 23 06 21 06 13 06 5C 06 FD 05 01 06 2D 06 29 06 3C 06
29 06 30 06 35 06 41 06 2B 06 28 06 10 06 09 06 25 06 58 06 01 06 3D 06 08 06 5E 06 56 06 4E 06
48 06 41 06 45 06 0A 06 07 06 11 06 21 06 5C 06 15 06 28 06 25 06 0C 06 44 06 24 06 42 06 22 06
21 06 04 06 FB 05 44 06 38 06 45 06 15 06 05 06 FD 05 52 06 1D 06 50 06 5A 06 53 06 4B 06 08 06
10 06 47 06 04 06 4A 06 11 06 54 06 58 06 6E 06 6A 06 50 06 25 06 18 06 13 06 24 06 63 06 67 06
76 06 7C 06 6F 06 6F 06 5E 06 47 06 18 06 29 06 44 06 5F 06 2A 06 1F 06 30 06 55 06 1F 06 45 06
56 06 3D 06 3E 06 5A 06 48 06 45 06 62 06 6A 06 2E 06 64 06 23 06 66 06 30 06 41 06 65 06 55 06
5A 06 57 06 64 06 62 06 62 06 66 06 64 06 66 06 22 06 62 06 5E 06 6A 06 65 06 6D 06 4F 06 59 06
4A 06 52 06 52 06 4C 06 53 06 4F 06 5B 06 46 06 34 06 34 06 31 06 20 06 34 06 3C 06 49 06 84 06
74 06 8B 06 3F 06 61 06 64 06 70 06 2F 06 72 06 40 06 43 06 4F 06 5A 06 64 06 78 06 6B 06 6C 06
1C 06 5E 06 5D 06 58 06 49 06 3D 06 3C 06 6F 06 3D 06 38 06 70 06 74 06 6A 06 62 06 49 06 5D 06
5D 06 4B 06 58 06 4F 06 67 06 4D 06 69 06 38 06 49 06 65 06 52 06 62 06 29 06 54 06 57 06 5B 06
0D 06 21 06 39 06 21 06 72 06 72 06 3F 06 34 06 2C 06 21 06 2B 06 20 06 25 06 67 06 73 06 5F 06
5B 06 73 06 41 06 44 06 4D 06 3C 06 3C 06 85 06 50 06 47 06 74 06 8E 06 50 06 7B 06 91 06 44 06
5C 06 57 06 50 06 6F 06 4B 06 49 06 2A 06 60 06 6E 06 82 06 39 06 3D 06 25 06 39 06 29 06 FF 05
26 06 10 06 3B 06 3B 06 3F 06 53 06 46 06 50 06 63 06 62 06 56 06 73 06 63 06 6F 06 74 06 78 06
77 06 73 06 77 06 7A 06 3A 06 59 06 51 06 55 06 0F 06 4B 06 10 06 2F 06 5A 06 27 06 35 06 2D 06
24 06 28 06 22 06 16 06 4A 06 1D 06 56 06 57 06 73 06 54 06 45 06 15 06 10 06 65 06 34 06 79 06
86 06 7C 06 86 06 38 06 80 06 30 06 30 06 5D 06 6F 06 6E 06 6F 06 6A 06 77 06 38 06 69 06 74 06
71 06 39 06 72 06 56 06 62 06 4D 06 5A 06 1A 06 2E 06 3D 06 49 06 6A 06 6D 06 3E 06 45 06 2C 06
68 06 49 06 4A 06 17 06 3F 06 3F 06 1E 06 12 06 58 06 41 06 13 06 3B 06 55 06 57 06 5F 06 11 06
46 06 54 06 4D 06 5C 06 25 06 5A 06 1E 06 10 06 31 06 25 06 24 06 38 06 43 06 34 06 64 06 64 06
3A 06 44 06 73 06 64 06 3F 06 4B 06 49 06 49 06 49 06 44 06 44 06 2C 06 3C 06 48 06 42 06 42 06
30 06 35 06 63 06 38 06 3E 06 36 06 40 06 31 06 40 06 21 06 31 06 2A 06 31 06 2B 06 29 06 43 06
39 06 6E 06 38 06 59 06 5E 06 2B 06 6E 06 3C 06 65 06 72 06 80 06 84 06 8C 06 7C 06 48 06 3D 06
1E 06 52 06 43 06 46 06 19 06 52 06 18 06 4D 06 14 06 23 06 01 06 09 06 3B 06 4A 06 5C 06 5A 06
63 06 52 06 13 06 1A 06 22 06 11 06 4F 06 0B 06 29 06 13 06 5B 06 1F 06 35 06 27 06 67 06 3C 06
2A 06 64 06 55 06 61 06 38 06 38 06 4C 06 4C 06 62 06 52 06 56 06 32 06 41 06 47 06 59 06 29 06
2A 06 39 06 31 06 76 06 28 06 20 06 1C 06 1D 06 52 06 2E 06 21 06 45 06 15 06 49 06 10 06 20 06
18 06 65 06 61 06 5F 06 5B 06 36 06 63 06 29 06 21 06 65 06 74 06 56 06 42 06 48 06 49 06 2D 06
5D 06 61 06 55 06 67 06 56 06 59 06 4A 06 4C 06 5D 06 56 06 67 06 7A 06 86 06 6D 06 66 06 0E 06
5A 06 5F 06 57 06 67 06 5D 06 60 06 52 06 4E 06 5C 06 4C 06 28 06 48 06 4F 06 23 06 6A 06 30 06
6F 06 30 06 31 06 29 06 25 06 2B 06 2F 06 66 06 66 06 60 06 76 06 2A 06 21 06 45 06 52 06 53 06
06 06 48 06 2A 06 5F 06 5C 06 5E 06 50 06 19 06 1C 06 0E 06 52 06 44 06 54 06 54 06 08 06 13 06
28 06 12 06 17 06 47 06 50 06 3C 06 56 06 10 06 3B 06 21 06 29 06 1B 06 13 06 0F 06 55 06 54 06
47 06 42 06 10 06 0B 06 18 06 18 06 08 06 FE 05 0D 06 F9 05 38 06 46 06 20 06 0D 06 5C 06 64 06
4A 06 5A 06 54 06 3C 06 3C 06 38 06 53 06 29 06 1D 06 23 06 1D 06 09 06 FF 05 47 06 55 06 09 06
48 06 40 06 11 06 10 06 15 06 0E 06 06 06 1B 06 0B 06 1E 06 19 06 08 06 47 06 FD 05 01 06 F9 05
FB 05 FF 05 F4 05 FB 05 05 06 23 06 27 06 25 06 30 06 30 06 3F 06 39 06 49 06 33 06 36 06 4F 06
53 06 59 06 5A 06 6A 06 2E 06 32 06 64 06 32 06 2C 06 1C 06 4D 06 09 06 32 06 43 06 24 06 2D 06
15 06 11 06 2A 06 34 06 76 06 3D 06 2A 06 2F 06 35 06 5A 06 3B 06 30 06 4A 06 4E 06 18 06 2A 06
47 06 3F 06 6C 06 37 06 3A 06 32 06 4A 06 57 06 36 06 5C 06 64 06 26 06 33 06 30 06 80 06 39 06
80 06 35 06 35 06 35 06 5A 06 4A 06 28 06 2F 06 21 06 2F 06 66 06 87 06 76 06 6A 06 56 06 5C 06
66 06 45 06 0D 06 16 06 25 06 28 06 3D 06 42 06 3A 06 4A 06 4E 06 20 06 49 06 43 06 42 06 0B 06
58 06 20 06 25 06 69 06 6A 06 65 06 52 06 21 06 58 06 62 06 68 06 64 06 5D 06 45 06 7C 06 82 06
86 06 92 06 8E 06 8C 06 A1 06 88 06 7F 06 78 06 5B 06 25 06 55 06 55 06 58 06 53 06 41 06 4C 06
35 06 40 06 32 06 30 06 26 06 11 06 19 06 1C 06 30 06 5B 06 2E 06 2A 06 2A 06 31 06 76 06 44 06
36 06 6A 06 6B 06 5E 06 52 06 56 06 5F 06 6B 06 5C 06 5A 06 3C 06 3B 06 39 06 46 06 73 06 7E 06
66 06 36 06 47 06 18 06 25 06 1C 06 22 06 5E 06 1A 06 53 06 62 06 2F 06 24 06 34 06 2C 06 34 06
3A 06 7F 06 2F 06 3D 06 37 06 82 06 55 06 32 06 34 06 2D 06 3C 06 7D 06 83 06 5F 06 60 06 58 06
5E 06 83 06 6B 06 8C 06 3D 06 53 06 54 06 8C 06 5C 06 4D 06 8D 06 7B 06 41 06 42 06 61 06 48 06
30 06 3C 06 49 06 7A 06 5D 06 3A 06 32 06 3A 06 96 06 3A 06 AD 06 7F 06 83 06 72 06 76 06 6E 06
72 06 83 06 3F 06 3A 06 73 06 5F 06 5E 06 78 06 4B 06 42 06 57 06 45 06 52 06 48 06 56 06 72 06
66 06 71 06 61 06 7B 06 68 06 5B 06 3D 06 73 06 65 06 6D 06 69 06 6C 06 5C 06 6C 06 64 06 66 06
72 06 7A 06 8E 06 99 06 8E 06 5D 06 9A 06 63 06 45 06 6E 06 25 06 56 06 30 06 3A 06 25 06 30 06
2C 06 2A 06 6F 06 6F 06 75 06 3F 06 2C 06 28 06 3F 06 21 06 6D 06 30 06 72 06 6F 06 82 06 66 06
1C 06 35 06 28 06 23 06 25 06 0C 06 33 06 4B 06 4C 06 5A 06 24 06 60 06 3E 06 56 06 1D 06 53 06
54 06 49 06 11 06 3B 06 FB 05 37 06 0B 06 13 06 52 06 54 06 2E 06 3A 06 0B 06 14 06 0F 06 0F 06
25 06 20 06 2D 06 63 06 61 06 69 06 55 06 15 06 3D 06 4D 06 4D 06 5A 06 13 06 51 06 55 06 29 06
50 06 1E 06 46 06 46 06 52 06 18 06 1B 06 10 06 1C 06 40 06 FF 05 36 06 3E 06 EE 05 FA 05 F8 05
09 06 FF 05 0C 06 0E 06 1E 06 F0 05 F0 05 F1 05 F2 05 F8 05 EA 05 FC 05 03 06 03 06 08 06 FE 05
0B 06 10 06 E4 05 40 06 0D 06 09 06 10 06 03 06 03 06 11 06 04 06 11 06 0C 06 04 06 13 06 1F 06
23 06 28 06 33 06 3F 06 2E 06 37 06 26 06 35 06 3F 06 48 06 60 06 5C 06 62 06 65 06 57 06 63 06
4B 06 5C 06 0C 06 4C 06 4C 06 4D 06 56 06 5C 06 5A 06 70 06 5A 06 5E 06 5E 06 5E 06 57 06 5A 06
55 06 58 06 FF 05 3A 06 38 06 25 06 1F 06 1D 06 29 06 18 06 18 06 08 06 08 06 FE 05 1C 06 1E 06
14 06 11 06 4A 06 23 06 19 06 1A 06 1A 06 1A 06 0E 06 06 06 08 06 0A 06 F4 05 00 06 F1 05 0D 06
05 06 56 06 1D 06 14 06 11 06 11 06 0F 06 EF 05 07 06 0D 06 15 06 2B 06 32 06 42 06 4A 06 3A 06
5A 06 5C 06 62 06 63 06 73 06 6F 06 78 06 6F 06 6B 06 61 06 73 06 63 06 72 06 70 06 75 06 7D 06
8E 06 5E 06 9E 06 9E 06 96 06 90 06 7C 06 76 06 6F 06 6F 06 67 06 38 06 5B 06 28 06 68 06 4C 06
1B 06 3D 06 4D 06 4B 06 45 06 55 06 38 06 3C 06 2A 06 21 06 1A 06 0C 06 22 06 26 06 28 06 38 06
63 06 3E 06 2A 06 23 06 18 06 0F 06 13 06 14 06 10 06 09 06 0B 06 15 06 01 06 09 06 11 06 54 06
05 06 14 06 17 06 2B 06 37 06 33 06 4D 06 55 06 4B 06 5A 06 5F 06 5E 06 6A 06 73 06 73 06 55 06
72 06 7C 06 7B 06 7F 06 83 06 76 06 72 06 7C 06 80 06 88 06 82 06 75 06 8A 06 8C 06 7E 06 3C 06
82 06 5F 06 7A 06 73 06 67 06 67 06 67 06 5A 06 42 06 52 06 48 06 51 06 3F 06 49 06 39 06 4C 06
3D 06 35 06 38 06 30 06 36 06 6D 06 2D 06 3C 06 34 06 1E 06 18 06 12 06 0A 06 0A 06 4F 06 19 06
33 06 2B 06 2D 06 2F 06 1D 06 19 06 19 06 07 06 1B 06 10 06 0D 06 0D 06 1C 06 3A 06 72 06 36 06
53 06 51 06 45 06 5A 06 52 06 4A 06 4A 06 59 06 59 06 5B 06 53 06 5B 06 5B 06 31 06 55 06 7B 06
7A 06 6C 06 64 06 67 06 6C 06 6F 06 66 06 62 06 6E 06 80 06 7A 06 7A 06 76 06 38 06 72 06 67 06
6D 06 68 06 6B 06 5E 06 59 06 4E 06 3F 06 41 06 39 06 35 06 20 06 2C 06 10 06 07 06 1A 06 0C 06
1A 06 10 06 10 06 28 06 1E 06 18 06 2A 06 10 06 08 06 20 06 13 06 23 06 60 06 28 06 35 06 41 06
2D 06 33 06 1D 06 19 06 25 06 25 06 29 06 3D 06 4A 06 62 06 51 06 5D 06 6F 06 45 06 53 06 6E 06
5E 06 62 06 6B 06 69 06 72 06 73 06 5B 06 5F 06 4F 06 5B 06 51 06 2E 06 81 06 6C 06 8D 06 75 06
6E 06 6E 06 76 06 80 06 78 06 6C 06 6D 06 72 06 66 06 6F 06 5E 06 25 06 5B 06 62 06 62 06 68 06
5D 06 5C 06 60 06 5B 06 59 06 54 06 34 06 2C 06 24 06 31 06 30 06 5A 06 47 06 48 06 3E 06 3B 06
48 06 2A 06 26 06 23 06 38 06 2B 06 28 06 32 06 30 06 19 06 6C 06 19 06 19 06 15 06 45 06 51 06
71 06 54 06 4E 06 39 06 06 06 37 06 0B 06 39 06 48 06 5E 06 6A 06 72 06 7F 06 7B 06 7F 06 6F 06
72 06 76 06 79 06 73 06 69 06 6B 06 77 06 64 06 75 06 44 06 61 06 56 06 4D 06 62 06 57 06 66 06
7A 06 72 06 76 06 6E 06 67 06 57 06 5D 06 5A 06 42 06 62 06 5C 06 5F 06 55 06 4F 06 3F 06 33 06
14 06 0C 06 10 06 FC 05 0F 06 1E 06 12 06 04 06 0C 06 32 06 12 06 12 06 1A 06 26 06 2B 06 28 06
24 06 23 06 15 06 11 06 09 06 F9 05 0D 06 21 06 85 06 35 06 39 06 4D 06 4C 06 50 06 41 06 46 06
47 06 55 06 4D 06 66 06 6A 06 56 06 3A 06 47 06 29 06 49 06 4B 06 58 06 58 06 62 06 6B 06 59 06
61 06 54 06 5C 06 5D 06 4D 06 5D 06 64 06 64 06 2E 06 70 06 5D 06 77 06 7A 06 78 06 67 06 72 06
5D 06 7B 06 6E 06 63 06 72 06 62 06 58 06 25 06 41 06 41 06 29 06 1D 06 24 06 0A 06 14 06 18 06
0B 06 14 06 09 06 10 06 09 06 14 06 12 06 4A 06 10 06 16 06 1B 06 0B 06 10 06 12 06 18 06 27 06
23 06 65 06 21 06 29 06 31 06 19 06 6D 06 29 06 3A 06 41 06 52 06 43 06 60 06 5B 06 5A 06 76 06
72 06 72 06 67 06 6F 06 6F 06 63 06 39 06 59 06 5B 06 5F 06 5B 06 4C 06 5A 06 5C 06 4E 06 54 06
54 06 4D 06 66 06 52 06 5E 06 65 06 2E 06 6A 06 6A 06 60 06 5A 06 4F 06 4A 06 33 06 3A 06 2F 06
3B 06 34 06 2C 06 3D 06 3B 06 24 06 39 06 34 06 2C 06 22 06 29 06 1F 06 2C 06 15 06 15 06 08 06
02 06 18 06 0A 06 12 06 03 06 38 06 18 06 1F 06 24 06 24 06 19 06 19 06 2D 06 21 06 21 06 30 06
11 06 30 06 39 06 2C 06 40 06 6A 06 29 06 3B 06 56 06 62 06 53 06 46 06 4E 06 4E 06 61 06 61 06
59 06 6F 06 68 06 67 06 25 06 4B 06 42 06 43 06 49 06 4D 06 5D 06 46 06 13 06 6A 06 5E 06 72 06
60 06 6A 06 5A 06 56 06 09 06 3B 06 4D 06 4F 06 58 06 4E 06 53 06 58 06 54 06 44 06 25 06 23 06
21 06 18 06 24 06 27 06 29 06 2A 06 2C 06 2A 06 15 06 10 06 1D 06 1B 06 56 06 49 06 7A 06 2E 06
3C 06 73 06 7A 06 72 06 45 06 5F 06 6A 06 76 06 7B 06 6B 06 7E 06 4D 06 39 06 39 06 35 06 5E 06
5D 06 45 06 2E 06 35 06 46 06 82 06 50 06 62 06 62 06 72 06 6B 06 1D 06 2D 06 23 06 29 06 11 06
2C 06 24 06 5C 06 21 06 13 06 6D 06 5E 06 62 06 3F 06 21 06 66 06 5F 06 56 06 33 06 30 06 2C 06
2C 06 6F 06 1F 06 74 06 25 06 30 06 2C 06 25 06 30 06 39 06 3F 06 78 06 34 06 25 06 63 06 0E 06
15 06 12 06 2E 06 39 06 14 06 15 06 51 06 35 06 39 06 2B 06 1C 06 5F 06 1F 06 23 06 3F 06 41 06
62 06 53 06 2C 06 4A 06 16 06 47 06 3F 06 04 06 15 06 1F 06 22 06 40 06 2D 06 45 06 39 06 3B 06
3A 06 2A 06 2F 06 20 06 27 06 33 06 3E 06 3F 06 3E 06 4F 06 37 06 27 06 3A 06 4C 06 30 06 3D 06
F0 05 24 06 2A 06 26 06 2A 06 F9 05 33 06 0D 06 05 06 F8 05 F5 05 13 06 F8 05 00 06 06 06 E5 05
23 06 08 06 05 06 47 06 45 06 4B 06 1B 06 49 06 1B 06 10 06 5A 06 14 06 40 06 40 06 4D 06 55 06
6E 06 34 06 32 06 26 06 80 06 6C 06 63 06 67 06 57 06 57 06 4B 06 65 06 5E 06 68 06 1B 06 68 06
3A 06 53 06 4C 06 20 06 30 06 21 06 1C 06 24 06 61 06 66 06 49 06 4E 06 20 06 52 06 58 06 10 06
3D 06 4B 06 3B 06 3B 06 35 06 55 06 2D 06 1A 06 64 06 75 06 77 06 6F 06 35 06 31 06 6E 06 58 06
4E 06 25 06 52 06 05 06 35 06 23 06 22 06 28 06 32 06 52 06 22 06 5C 06 30 06 46 06 4F 06 1E 06
2D 06 2F 06 34 06 24 06 1C 06 24 06 22 06 2A 06 25 06 2C 06 28 06 18 06 1E 06 14 06 5A 06 32 06
20 06 13 06 38 06 52 06 48 06 3E 06 35 06 33 06 21 06 05 06 F5 05 15 06 15 06 5F 06 3F 06 5B 06
29 06 61 06 6E 06 64 06 41 06 49 06 60 06 5C 06 74 06 6E 06 5F 06 52 06 46 06 41 06 0B 06 40 06
FB 05 0E 06 3A 06 FF 05 4C 06 FC 05 3B 06 FF 05 F9 05 1D 06 2C 06 54 06 74 06 39 06 12 06 02 06
F5 05 01 06 08 06 27 06 3A 06 49 06 46 06 32 06 1A 06 52 06 12 06 53 06 61 06 51 06 65 06 7B 06
6B 06 3D 06 1D 06 1A 06 16 06 2F 06 4B 06 31 06 4E 06 43 06 68 06 29 06 1B 06 3D 06 2A 06 50 06
40 06 35 06 1B 06 23 06 21 06 4C 06 72 06 45 06 70 06 32 06 30 06 2B 06 1D 06 0E 06 47 06 5F 06
64 06 84 06 44 06 85 06 31 06 3F 06 79 06 74 06 88 06 57 06 59 06 25 06 55 06 62 06 67 06 6A 06
6D 06 6C 06 6E 06 5F 06 67 06 62 06 65 06 50 06 52 06 56 06 56 06 28 06 64 06 5F 06 53 06 4F 06
58 06 4F 06 4A 06 4F 06 49 06 4D 06 4F 06 79 06 72 06 69 06 35 06 63 06 5B 06 40 06 3D 06 2B 06
41 06 35 06 19 06 30 06 28 06 31 06 76 06 66 06 1E 06 6F 06 28 06 4A 06 58 06 20 06 54 06 22 06
41 06 49 06 72 06 5E 06 35 06 3A 06 18 06 5E 06 5F 06 59 06 15 06 5D 06 45 06 2C 06 30 06 29 06
63 06 76 06 3C 06 78 06 2A 06 66 06 31 06 30 06 11 06 67 06 4F 06 5F 06 6C 06 5F 06 57 06 38 06
2E 06 22 06 20 06 20 06 5E 06 35 06 1C 06 5B 06 61 06 49 06 58 06 5C 06 68 06 5C 06 28 06 31 06
49 06 41 06 6E 06 75 06 4C 06 7C 06 7E 06 29 06 3C 06 74 06 2F 06 64 06 35 06 4C 06 4F 06 31 06
35 06 17 06 1B 06 F4 05 F8 05 00 06 F7 05 21 06 64 06 23 06 0B 06 03 06 01 06 07 06 11 06 21 06
27 06 32 06 30 06 4A 06 43 06 52 06 4E 06 4A 06 4C 06 4A 06 52 06 57 06 4F 06 40 06 58 06 2F 06
1A 06 3D 06 1C 06 FF 05 00 06 F0 05 F4 05 01 06 48 06 44 06 49 06 5D 06 54 06 3D 06 42 06 50 06
41 06 62 06 51 06 25 06 3E 06 6E 06 78 06 53 06 92 06 8B 06 7B 06 46 06 47 06 50 06 4C 06 8E 06
5F 06 63 06 63 06 5A 06 5E 06 85 06 83 06 31 06 73 06 2A 06 4D 06 53 06 51 06 7E 06 3E 06 36 06
2E 06 68 06 68 06 76 06 70 06 35 06 82 06 4A 06 90 06 94 06 7C 06 7A 06 86 06 6E 06 48 06 48 06
60 06 6A 06 27 06 53 06 61 06 61 06 39 06 57 06 3D 06 62 06 3C 06 4B 06 2C 06 73 06 43 06 54 06
42 06 58 06 48 06 78 06 45 06 69 06 7F 06 A2 06 74 06 58 06 55 06 80 06 82 06 61 06 4D 06 6B 06
28 06 4F 06 28 06 49 06 54 06 2D 06 39 06 39 06 24 06 34 06 40 06 42 06 38 06 48 06 31 06 30 06
34 06 2B 06 2A 06 28 06 3E 06 68 06 36 06 30 06 29 06 7A 06 3E 06 6A 06 3A 06 30 06 69 06 6A 06
3B 06 67 06 4B 06 32 06 1D 06 3F 06 5A 06 24 06 28 06 1F 06 35 06 30 06 42 06 4D 06 FC 05 3B 06
0A 06 19 06 1A 06 2B 06 3B 06 70 06 59 06 4F 06 33 06 24 06 2C 06 22 06 25 06 27 06 45 06 21 06
15 06 FC 05 56 06 19 06 31 06 35 06 3D 06 30 06 6A 06 6D 06 4B 06 62 06 30 06 1F 06 4D 06 3F 06
72 06 29 06 2D 06 72 06 22 06 27 06 3B 06 55 06 54 06 00 06 08 06 3F 06 17 06 28 06 1A 06 13 06
51 06 14 06 28 06 63 06 24 06 6E 06 1D 06 5C 06 64 06 3E 06 52 06 3A 06 49 06 3F 06 68 06 0A 06
23 06 61 06 65 06 14 06 20 06 18 06 1F 06 26 06 1A 06 2A 06 53 06 45 06 3F 06 2A 06 2A 06 2A 06
27 06 45 06 14 06 5F 06 57 06 57 06 64 06 64 06 54 06 44 06 5A 06 52 06 6E 06 6C 06 76 06 6A 06
6C 06 6A 06 6D 06 6B 06 5B 06 27 06 56 06 19 06 4F 06 1A 06 04 06 F2 05 16 06 0B 06 18 06 1B 06
55 06 65 06 65 06 2C 06 15 06 5A 06 0B 06 66 06 1B 06 6E 06 59 06 76 06 68 06 36 06 51 06 4B 06
44 06 6B 06 6D 06 80 06 55 06 55 06 62 06 1D 06 70 06 2D 06 31 06 2B 06 45 06 5F 06 5B 06 2A 06
58 06 5C 06 09 06 11 06 22 06 5C 06 56 06 5B 06 60 06 2F 06 3F 06 25 06 1D 06 2A 06 24 06 1A 06
3F 06 3F 06 80 06 8C 06 3D 06 8E 06 80 06 76 06 70 06 3E 06 69 06 7A 06 9A 06 7F 06 6E 06 72 06
7C 06 2D 06 44 06 49 06 48 06 3E 06 7A 06 43 06 6C 06 5A 06 28 06 20 06 2D 06 44 06 5A 06 57 06
8E 06 68 06 6E 06 48 06 32 06 22 06 2A 06 1A 06 1B 06 20 06 22 06 32 06 21 06 1C 06 39 06 79 06
35 06 33 06 39 06 49 06 61 06 59 06 40 06 1E 06 1F 06 CD 05 2B 06 15 06 22 06 1A 06 80 06 3D 06
6D 06 30 06 72 06 64 06 74 06 68 06 76 06 7E 06 52 06 49 06 6A 06 55 06 7C 06 6B 06 5A 06 62 06
31 06 80 06 4D 06 7E 06 4D 06 52 06 44 06 50 06 7D 06 82 06 7C 06 43 06 49 06 53 06 A0 06 53 06
75 06 6A 06 6D 06 4F 06 15 06 08 06 2B 06 28 06 5D 06 23 06 59 06 68 06 65 06 64 06 82 06 4F 06
6A 06 5F 06 61 06 89 06 83 06 71 06 67 06 64 06 5D 06 2B 06 2C 06 05 06 F9 05 04 06 FC 05 1C 06
15 06 24 06 45 06 28 06 33 06 4A 06 42 06 27 06 09 06 40 06 2A 06 44 06 2A 06 29 06 52 06 26 06
68 06 30 06 22 06 57 06 57 06 52 06 6C 06 5D 06 5F 06 59 06 6E 06 66 06 7C 06 28 06 52 06 5F 06
5A 06 5A 06 5A 06 68 06 62 06 87 06 6B 06 62 06 74 06 7E 06 59 06 63 06 2D 06 3B 06 1D 06 1D 06
18 06 1E 06 2C 06 10 06 FF 05 55 06 34 06 DD 05 18 06 23 06 42 06 15 06 4A 06 1B 06 25 06 39 06
29 06 54 06 45 06 4D 06 33 06 ED 05 22 06 47 06 55 06 29 06 2C 06 34 06 0B 06 29 06 2C 06 5B 06
62 06 41 06 49 06 13 06 3E 06 22 06 34 06 28 06 33 06 4E 06 12 06 69 06 28 06 6D 06 6F 06 4B 06
58 06 21 06 68 06 62 06 7F 06 31 06 25 06 4F 06 2F 06 5C 06 74 06 18 06 1C 06 18 06 28 06 11 06
21 06 2F 06 2C 06 5B 06 4D 06 28 06 53 06 23 06 31 06 29 06 1F 06 49 06 76 06 3B 06 27 06 3C 06
65 06 11 06 3B 06 53 06 19 06 35 06 39 06 2D 06 52 06 31 06 26 06 2E 06 35 06 49 06 38 06 13 06
19 06 13 06 0B 06 F5 05 F5 05 EC 05 FF 05 17 06 14 06 39 06 6A 06 31 06 3B 06 52 06 46 06 52 06
62 06 61 06 4F 06 5B 06 5B 06 82 06 68 06 5D 06 85 06 34 06 70 06 6D 06 59 06 19 06 4E 06 10 06
34 06 29 06 18 06 2B 06 39 06 2C 06 1C 06 28 06 14 06 2A 06 2B 06 3A 06 26 06 47 06 4C 06 40 06
05 06 0E 06 33 06 2D 06 59 06 72 06 61 06 4D 06 63 06 2C 06 2A 06 24 06 62 06 43 06 4A 06 47 06
5B 06 7A 06 1E 06 50 06 50 06 56 06 F8 05 0F 06 2D 06 22 06 3A 06 3A 06 21 06 1E 06 2F 06 49 06
52 06 4E 06 1E 06 40 06 28 06 6A 06 81 06 68 06 21 06 68 06 68 06 32 06 30 06 6F 06 6B 06 2E 06
88 06 69 06 6D 06 71 06 38 06 73 06 80 06 46 06 7D 06 4D 06 84 06 2E 06 48 06 43 06 2D 06 21 06
04 06 27 06 5F 06 4F 06 6F 06 3E 06 3D 06 5A 06 5A 06 44 06 51 06 3F 06 2F 06 41 06 3B 06 3F 06
3C 06 38 06 34 06 34 06 1F 06 21 06 24 06 53 06 38 06 30 06 32 06 38 06 3E 06 3B 06 4A 06 2D 06
2B 06 1E 06 1D 06 29 06 39 06 49 06 2D 06 3C 06 68 06 5F 06 28 06 64 06 33 06 49 06 55 06 73 06
6E 06 76 06 84 06 7E 06 41 06 4A 06 8A 06 8F 06 97 06 74 06 A0 06 4B 06 93 06 4C 06 5B 06 38 06
3F 06 75 06 7B 06 8C 06 AC 06 8A 06 5C 06 5E 06 4A 06 3B 06 13 06 65 06 28 06 3D 06 53 06 77 06
40 06 29 06 30 06 7E 06 3E 06 58 06 A3 06 8F 06 83 06 56 06 43 06 34 06 30 06 6E 06 4F 06 4D 06
66 06 5A 06 6A 06 73 06 31 06 36 06 1F 06 13 06 4E 06 1B 06 2F 06 38 06 31 06 7F 06 47 06 35 06
21 06 15 06 2E 06 08 06 12 06 4A 06 68 06 5F 06 73 06 79 06 24 06 5F 06 30 06 2D 06 75 06 6C 06
99 06 7F 06 95 06 7B 06 5D 06 68 06 63 06 5D 06 6F 06 6B 06 83 06 7A 06 84 06 71 06 7C 06 6C 06
6E 06 4F 06 46 06 46 06 18 06 56 06 6E 06 7E 06 66 06 6A 06 60 06 61 06 58 06 43 06 2E 06 34 06
34 06 34 06 3F 06 2F 06 2D 06 28 06 2C 06 1C 06 0C 06 1E 06 0C 06 14 06 00 06 FC 05 FE 05 F4 05
06 06 22 06 11 06 54 06 0F 06 0E 06 1F 06 0D 06 04 06 F1 05 E1 05 DB 05 E5 05 F9 05 05 06 10 06
15 06 15 06 44 06 07 06 11 06 1B 06 33 06 3A 06 4A 06 3E 06 6A 06 7A 06 4F 06 88 06 61 06 58 06
54 06 53 06 1C 06 51 06 46 06 4B 06 7A 06 5E 06 69 06 6D 06 46 06 3E 06 56 06 60 06 5E 06 6C 06
70 06 62 06 13 06 42 06 37 06 39 06 49 06 2F 06 2B 06 1C 06 1C 06 38 06 2F 06 2F 06 11 06 1B 06
09 06 13 06 04 06 12 06 1E 06 17 06 16 06 F9 05 10 06 0A 06 F2 05 02 06 0F 06 07 06 03 06 0F 06
0F 06 2B 06 2C 06 FB 05 49 06 0D 06 25 06 03 06 00 06 F7 05 09 06 15 06 07 06 2D 06 20 06 17 06
39 06 5D 06 4B 06 56 06 42 06 46 06 59 06 4F 06 53 06 61 06 5B 06 4F 06 4B 06 59 06 47 06 5B 06
0C 06 5D 06 4D 06 64 06 5E 06 56 06 46 06 57 06 5E 06 51 06 44 06 4E 06 4E 06 4F 06 5A 06 39 06
F3 05 51 06 38 06 4E 06 51 06 58 06 58 06 37 06 43 06 19 06 24 06 10 06 14 06 24 06 18 06 3A 06
10 06 17 06 09 06 1E 06 10 06 10 06 22 06 3E 06 46 06 3B 06 53 06 41 06 2F 06 25 06 21 06 65 06
43 06 3D 06 4B 06 5B 06 4D 06 4D 06 3D 06 37 06 57 06 50 06 5B 06 5D 06 73 06 6D 06 5F 06 86 06
6B 06 77 06 7B 06 7B 06 87 06 86 06 46 06 8E 06 7D 06 7F 06 8E 06 6F 06 73 06 6D 06 37 06 5F 06
82 06 6A 06 7A 06 8E 06 86 06 80 06 86 06 82 06 76 06 7A 06 82 06 61 06 58 06 5A 06 29 06 5A 06
3C 06 39 06 27 06 2B 06 2D 06 2D 06 1C 06 35 06 34 06 3C 06 37 06 2A 06 2A 06 2C 06 76 06 3E 06
4A 06 48 06 48 06 3E 06 3F 06 39 06 19 06 30 06 1C 06 39 06 41 06 39 06 47 06 94 06 5D 06 5D 06
55 06 51 06 5D 06 33 06 3E 06 30 06 51 06 51 06 57 06 52 06 6E 06 5A 06 7E 06 65 06 83 06 77 06
7A 06 83 06 78 06 6F 06 81 06 82 06 79 06 76 06 6D 06 75 06 8C 06 8E 06 48 06 86 06 81 06 84 06
89 06 76 06 88 06 8A 06 85 06 80 06 7B 06 91 06 6E 06 60 06 48 06 38 06 2C 06 2F 06 39 06 33 06
35 06 21 06 20 06 14 06 14 06 1E 06 08 06 16 06 1D 06 30 06 23 06 38 06 62 06 4A 06 38 06 43 06
41 06 19 06 1F 06 1A 06 31 06 51 06 45 06 5B 06 5D 06 59 06 4F 06 96 06 3D 06 4A 06 3D 06 33 06
3E 06 41 06 57 06 45 06 66 06 62 06 5A 06 5B 06 59 06 63 06 6B 06 65 06 8A 06 83 06 75 06 7D 06
67 06 5A 06 70 06 55 06 89 06 77 06 80 06 6F 06 96 06 97 06 A5 06 79 06 BA 06 AE 06 9E 06 7F 06
6C 06 67 06 30 06 2A 06 52 06 EC 05 4F 06 2D 06 55 06 48 06 40 06 35 06 25 06 2C 06 26 06 2C 06
34 06 54 06 45 06 4A 06 42 06 48 06 3E 06 46 06 42 06 36 06 7F 06 43 06 58 06 4C 06 44 06 33 06
4F 06 45 06 39 06 17 06 15 06 17 06 25 06 2D 06 37 06 36 06 75 06 4B 06 59 06 5B 06 46 06 52 06
56 06 5B 06 53 06 5B 06 7F 06 63 06 5B 06 77 06 6D 06 44 06 7B 06 77 06 74 06 4C 06 45 06 55 06
3A 06 36 06 42 06 3A 06 47 06 44 06 48 06 4E 06 5E 06 00 06 34 06 4F 06 51 06 40 06 4A 06 58 06
44 06 34 06 3D 06 3F 06 27 06 29 06 1D 06 14 06 21 06 24 06 20 06 0C 06 27 06 44 06 54 06 53 06
40 06 30 06 3A 06 36 06 19 06 13 06 10 06 0D 06 43 06 FD 05 01 06 09 06 05 06 FF 05 19 06 01 06
05 06 F5 05 2D 06 14 06 2B 06 15 06 07 06 10 06 21 06 2E 06 39 06 43 06 3A 06 43 06 4F 06 48 06
3B 06 41 06 43 06 43 06 2D 06 51 06 4B 06 14 06 61 06 72 06 69 06 67 06 76 06 7E 06 5F 06 42 06
50 06 52 06 0B 06 46 06 44 06 36 06 54 06 05 06 42 06 48 06 40 06 3A 06 4C 06 33 06 3B 06 39 06
15 06 0D 06 01 06 04 06 08 06 18 06 46 06 3C 06 3C 06 21 06 28 06 08 06 08 06 02 06 26 06 22 06
3B 06 61 06 30 06 34 06 1D 06 15 06 5D 06 13 06 21 06 2B 06 28 06 20 06 37 06 39 06 34 06 14 06
39 06 31 06 3B 06 41 06 3B 06 52 06 48 06 27 06 33 06 39 06 5B 06 72 06 75 06 49 06 4D 06 4B 06
4B 06 53 06 57 06 45 06 55 06 08 06 4D 06 3E 06 3E 06 52 06 47 06 41 06 42 06 48 06 40 06 3A 06
35 06 3D 06 28 06 42 06 32 06 0F 06 28 06 37 06 21 06 21 06 21 06 35 06 19 06 1C 06 28 06 29 06
2A 06 26 06 2E 06 57 06 34 06 5B 06 2C 06 40 06 3C 06 3A 06 39 06 31 06 55 06 7C 06 34 06 39 06
11 06 23 06 2F 06 21 06 6E 06 35 06 15 06 25 06 70 06 72 06 67 06 63 06 33 06 5B 06 EF 05 4B 06
0A 06 5B 06 7B 06 6F 06 4F 06 53 06 58 06 48 06 49 06 45 06 39 06 5B 06 64 06 1F 06 63 06 23 06
11 06 03 06 08 06 44 06 28 06 29 06 34 06 32 06 3F 06 1C 06 FC 05 2D 06 21 06 1A 06 3A 06 2E 06
09 06 1E 06 3C 06 3F 06 77 06 52 06 62 06 5B 06 57 06 18 06 09 06 32 06 2E 06 88 06 7B 06 72 06
79 06 83 06 7F 06 6A 06 72 06 82 06 48 06 72 06 73 06 53 06 6B 06 2F 06 6C 06 26 06 4D 06 2F 06
59 06 49 06 62 06 16 06 1A 06 42 06 4F 06 64 06 4D 06 61 06 48 06 4A 06 69 06 34 06 4B 06 12 06
6A 06 40 06 25 06 53 06 61 06 2C 06 0B 06 2F 06 66 06 60 06 2A 06 6E 06 35 06 48 06 4F 06 41 06
45 06 29 06 66 06 65 06 35 06 73 06 32 06 2C 06 58 06 52 06 48 06 44 06 4D 06 5D 06 4D 06 61 06
4D 06 50 06 38 06 2C 06 4C 06 40 06 52 06 64 06 70 06 6A 06 5D 06 49 06 3E 06 32 06 42 06 32 06
48 06 8F 06 58 06 56 06 62 06 49 06 7F 06 46 06 6C 06 41 06 50 06 86 06 68 06 7B 06 76 06 7F 06
35 06 61 06 75 06 7A 06 32 06 4C 06 49 06 66 06 3C 06 64 06 90 06 8B 06 3A 06 49 06 42 06 29 06
3F 06 22 06 69 06 72 06 71 06 75 06 44 06 30 06 28 06 2E 06 36 06 49 06 78 06 57 06 5E 06 8A 06
30 06 38 06 4B 06 5A 06 91 06 84 06 9C 06 97 06 99 06 50 06 38 06 51 06 55 06 82 06 4B 06 86 06
65 06 7B 06 78 06 72 06 28 06 58 06 AA 06 58 06 9E 06 53 06 52 06 43 06 3C 06 8E 06 4B 06 3C 06
8C 06 3C 06 3C 06 31 06 63 06 68 06 63 06 78 06 86 06 8D 06 7B 06 54 06 4A 06 9E 06 57 06 44 06
6D 06 56 06 3A 06 3E 06 31 06 41 06 2B 06 2A 06 2F 06 53 06 53 06 41 06 3B 06 39 06 FD 05 3F 06
2C 06 45 06 45 06 5A 06 55 06 61 06 57 06 66 06 72 06 78 06 8A 06 6E 06 7C 06 7F 06 39 06 3A 06
57 06 63 06 65 06 5C 06 3F 06 83 06 42 06 32 06 0F 06 FE 05 09 06 10 06 21 06 21 06 6D 06 75 06
30 06 5E 06 4B 06 05 06 27 06 50 06 54 06 1D 06 5F 06 66 06 4B 06 43 06 09 06 4C 06 44 06 4E 06
4F 06 52 06 5E 06 5F 06 50 06 21 06 20 06 24 06 29 06 46 06 09 06 44 06 F9 05 1F 06 30 06 EB 05
06 06 DE 05 27 06 3F 06 32 06 41 06 23 06 20 06 14 06 1A 06 17 06 31 06 56 06 54 06 3B 06 50 06
5C 06 23 06 69 06 9E 06 82 06 72 06 5B 06 49 06 6B 06 41 06 8C 06 72 06 49 06 30 06 7B 06 52 06
46 06 3A 06 0B 06 4F 06 18 06 57 06 11 06 59 06 13 06 F9 05 00 06 04 06 57 06 28 06 12 06 37 06
11 06 33 06 13 06 13 06 10 06 30 06 29 06 1B 06 13 06 35 06 31 06 86 06 34 06 21 06 24 06 36 06
3E 06 30 06 3B 06 2D 06 33 06 23 06 1A 06 36 06 EC 05 46 06 0B 06 0A 06 29 06 33 06 78 06 78 06
72 06 5E 06 71 06 69 06 78 06 88 06 7C 06 49 06 31 06 6E 06 72 06 2A 06 4F 06 27 06 3E 06 28 06
6F 06 55 06 61 06 4A 06 37 06 62 06 62 06 7A 06 39 06 3D 06 86 06 39 06 47 06 7D 06 6F 06 8F 06
8F 06 40 06 35 06 62 06 37 06 67 06 2D 06 6F 06 67 06 79 06 2A 06 3D 06 37 06 33 06 34 06 34 06
77 06 A4 06 8D 06 94 06 76 06 1D 06 44 06 4A 06 2D 06 70 06 35 06 24 06 1F 06 1B 06 1B 06 0E 06
63 06 36 06 3F 06 1B 06 2C 06 6B 06 A2 06 62 06 A0 06 50 06 78 06 76 06 2E 06 75 06 33 06 43 06
6C 06 6B 06 6E 06 8F 06 8F 06 7C 06 86 06 8C 06 84 06 51 06 7A 06 82 06 7F 06 77 06 94 06 72 06
7E 06 6C 06 64 06 57 06 53 06 4D 06 79 06 61 06 50 06 4C 06 24 06 30 06 3C 06 4E 06 50 06 35 06
52 06 82 06 5F 06 66 06 52 06 5A 06 34 06 32 06 8A 06 55 06 4D 06 4F 06 59 06 52 06 36 06 6E 06
44 06 3C 06 11 06 3D 06 48 06 3E 06 24 06 52 06 5C 06 3C 06 2A 06 18 06 4D 06 4D 06 32 06 57 06
0D 06 38 06 45 06 45 06 59 06 55 06 41 06 89 06 28 06 30 06 7A 06 68 06 52 06 5A 06 20 06 3D 06
53 06 6E 06 54 06 57 06 3D 06 34 06 5C 06 1A 06 57 06 F5 05 FF 05 15 06 09 06 1B 06 4F 06 68 06
12 06 0D 06 01 06 2F 06 FD 05 1D 06 37 06 14 06 FD 05 1A 06 16 06 4A 06 2C 06 4E 06 0E 06 19 06
42 06 0C 06 1B 06 F9 05 0F 06 51 06 25 06 36 06 06 06 76 06 53 06 63 06 F5 05 D9 05 ED 05 F7 05
11 06 03 06 17 06 17 06 12 06 12 06 3B 06 40 06 42 06 4B 06 43 06 4F 06 4B 06 43 06 3A 06 26 06
23 06 3B 06 13 06 53 06 57 06 34 06 4D 06 4A 06 58 06 45 06 E5 05 3B 06 07 06 46 06 E3 05 D9 05
05 06 FC 05 02 06 02 06 11 06 2E 06 29 06 7A 06 67 06 5B 06 35 06 09 06 53 06 27 06 EB 05 43 06
24 06 53 06 52 06 45 06 14 06 EF 05 E9 05 E8 05 10 06 21 06 4A 06 2E 06 59 06 40 06 3F 06 5A 06
4B 06 3B 06 38 06 09 06 1C 06 EC 05 16 06 14 06 38 06 EA 05 EA 05 1B 06 FD 05 33 06 29 06 11 06
05 06 FD 05 3A 06 38 06 F9 05 20 06 1C 06 19 06 06 06 52 06 59 06 57 06 14 06 6F 06 6B 06 63 06
82 06 98 06 67 06 55 06 5B 06 A7 06 45 06 94 06 5E 06 6A 06 29 06 29 06 28 06 24 06 52 06 44 06
7C 06 6D 06 44 06 7F 06 10 06 2F 06 39 06 3D 06 25 06 0D 06 28 06 34 06 48 06 4C 06 4C 06 54 06
50 06 2E 06 38 06 48 06 1C 06 18 06 FE 05 1B 06 2B 06 38 06 37 06 1C 06 13 06 0B 06 20 06 FF 05
FD 05 10 06 54 06 1B 06 EA 05 11 06 0F 06 F0 05 32 06 21 06 42 06 4A 06 6F 06 84 06 6F 06 78 06
5C 06 28 06 5F 06 43 06 6E 06 4B 06 38 06 8E 06 4C 06 8A 06 44 06 72 06 41 06 25 06 59 06 69 06
87 06 42 06 73 06 2E 06 4A 06 2F 06 38 06 28 06 50 06 47 06 38 06 56 06 5C 06 48 06 A6 06 58 06
7B 06 5E 06 79 06 78 06 67 06 61 06 18 06 39 06 3E 06 30 06 5A 06 63 06 59 06 5B 06 61 06 61 06
58 06 37 06 66 06 2D 06 18 06 60 06 2E 06 12 06 29 06 31 06 5A 06 32 06 2C 06 39 06 2C 06 41 06
6A 06 62 06 37 06 55 06 67 06 5B 06 4F 06 30 06 5C 06 37 06 31 06 82 06 86 06 93 06 8E 06 72 06
34 06 47 06 4F 06 57 06 53 06 6E 06 71 06 9D 06 97 06 86 06 86 06 84 06 86 06 7D 06 90 06 C2 06
A6 06 DE 06 CF 06 9B 06 98 06 A0 06 7F 06 3E 06 05 06 4E 06 FF 05 45 06 36 06 70 06 55 06 2C 06
5F 06 3B 06 5B 06 1D 06 21 06 1D 06 20 06 33 06 2B 06 53 06 5A 06 5C 06 68 06 1B 06 59 06 1D 06
4B 06 6A 06 29 06 6A 06 46 06 63 06 3F 06 53 06 51 06 25 06 25 06 38 06 72 06 7A 06 31 06 4F 06
5E 06 1E 06 1C 06 FC 05 00 06 FF 05 4E 06 18 06 70 06 3E 06 82 06 6C 06 2B 06 15 06 2F 06 34 06
3F 06 2F 06 44 06 2E 06 14 06 12 06 32 06 42 06 1E 06 0B 06 3C 06 33 06 6A 06 5E 06 57 06 57 06
4B 06 38 06 38 06 33 06 5A 06 29 06 2C 06 23 06 4A 06 34 06 14 06 14 06 F8 05 58 06 0D 06 03 06
0D 06 ED 05 1C 06 14 06 FD 05 10 06 3D 06 2A 06 2B 06 19 06 1C 06 F4 05 FF 05 51 06 F9 05 09 06
F3 05 05 06 0B 06 11 06 15 06 21 06 24 06 47 06 52 06 55 06 4B 06 51 06 4E 06 58 06 3A 06 4B 06
3B 06 4F 06 48 06 32 06 38 06 18 06 19 06 0B 06 42 06 FB 05 14 06 ED 05 15 06 5B 06 68 06 65 06
44 06 2C 06 F5 05 17 06 09 06 32 06 82 06 3C 06 3D 06 1E 06 3A 06 4D 06 3E 06 2F 06 26 06 33 06
0E 06 12 06 19 06 1C 06 62 06 16 06 30 06 2F 06 2B 06 2F 06 4B 06 4A 06 4B 06 4C 06 2F 06 F8 05
25 06 04 06 4A 06 1C 06 17 06 38 06 4E 06 59 06 3F 06 3F 06 19 06 3E 06 1A 06 47 06 56 06 6C 06
85 06 74 06 86 06 3C 06 2C 06 3D 06 4E 06 38 06 6A 06 8A 06 83 06 94 06 9F 06 54 06 7B 06 6F 06
79 06 2B 06 63 06 66 06 68 06 B8 06 A3 06 9C 06 8A 06 35 06 23 06 63 06 83 06 5C 06 69 06 41 06
8C 06 82 06 66 06 68 06 5C 06 5E 06 48 06 2F 06 38 06 1D 06 11 06 3D 06 49 06 3F 06 5B 06 55 06
5C 06 40 06 32 06 32 06 40 06 17 06 15 06 18 06 30 06 28 06 59 06 26 06 02 06 2E 06 53 06 24 06
7E 06 5F 06 2C 06 81 06 68 06 6A 06 66 06 6A 06 60 06 61 06 7B 06 4F 06 51 06 9E 06 74 06 69 06
82 06 52 06 6D 06 E4 05 7A 06 16 06 61 06 5F 06 5F 06 52 06 A2 06 9A 06 8F 06 66 06 4C 06 28 06
28 06 3A 06 36 06 6A 06 57 06 4D 06 50 06 87 06 3D 06 6F 06 3D 06 44 06 4A 06 8D 06 86 06 59 06
40 06 17 06 21 06 48 06 64 06 8E 06 41 06 69 06 90 06 52 06 5C 06 30 06 59 06 51 06 26 06 3F 06
6D 06 39 06 38 06 42 06 32 06 7A 06 55 06 1F 06 67 06 2D 06 62 06 1B 06 5E 06 6D 06 5F 06 6A 06
8A 06 93 06 85 06 97 06 66 06 64 06 8A 06 4D 06 63 06 2B 06 42 06 49 06 3B 06 78 06 7E 06 92 06
AA 06 61 06 7B 06 53 06 4C 06 48 06 53 06 1C 06 5D 06 68 06 5A 06 65 06 59 06 3D 06 5D 06 60 06
4C 06 67 06 7E 06 7E 06 9C 06 9A 06 7E 06 7E 06 6F 06 43 06 3A 06 65 06 23 06 5F 06 25 06 22 06
5C 06 1C 06 0E 06 E6 05 06 06 2B 06 4E 06 60 06 28 06 2C 06 3A 06 FF 05 5D 06 F8 05 16 06 F7 05
1E 06 47 06 0D 06 0D 06 FB 05 19 06 39 06 47 06 5C 06 65 06 64 06 65 06 1D 06 68 06 64 06 65 06
4F 06 6F 06 88 06 4F 06 14 06 14 06 0A 06 30 06 36 06 1F 06 64 06 4C 06 43 06 37 06 04 06 21 06
29 06 31 06 45 06 44 06 58 06 2E 06 26 06 52 06 84 06 27 06 4F 06 5A 06 50 06 52 06 05 06 3C 06
25 06 E1 05 3A 06 00 06 5C 06 65 06 1D 06 19 06 1C 06 30 06 33 06 4F 06 2F 06 64 06 5E 06 08 06
F2 05 FB 05 FE 05 12 06 46 06 2A 06 35 06 35 06 3A 06 1B 06 38 06 16 06 17 06 4A 06 53 06 69 06
5F 06 54 06 5F 06 75 06 8C 06 3F 06 3F 06 33 06 3D 06 1D 06 4D 06 44 06 3D 06 30 06 5F 06 5C 06
5B 06 39 06 42 06 40 06 40 06 42 06 36 06 6B 06 59 06 60 06 48 06 48 06 4F 06 47 06 41 06 2B 06
2E 06 23 06 1E 06 10 06 47 06 5A 06 7A 06 82 06 8C 06 61 06 68 06 5F 06 66 06 4E 06 36 06 3F 06
43 06 3F 06 2A 06 F5 05 2F 06 17 06 15 06 0B 06 EB 05 1D 06 F5 05 0D 06 DC 05 DF 05 FB 05 F0 05
FC 05 00 06 2E 06 1C 06 02 06 F2 05 F2 05 10 06 0A 06 21 06 33 06 2B 06 3C 06 35 06 3D 06 2F 06
19 06 29 06 52 06 25 06 14 06 15 06 31 06 44 06 31 06 37 06 3B 06 1B 06 2F 06 13 06 1F 06 2E 06
1F 06 2F 06 39 06 37 06 43 06 32 06 37 06 48 06 2F 06 2F 06 1B 06 17 06 2C 06 4B 06 55 06 74 06
51 06 13 06 57 06 6C 06 61 06 6C 06 5A 06 52 06 5A 06 2A 06 49 06 27 06 28 06 3B 06 18 06 2C 06
04 06 FB 05 21 06 23 06 10 06 2C 06 24 06 FC 05 24 06 0E 06 0B 06 F2 05 F6 05 ED 05 10 06 FE 05
24 06 3B 06 10 06 00 06 18 06 03 06 18 06 1B 06 14 06 21 06 15 06 21 06 2B 06 11 06 21 06 0C 06
76 06 4D 06 77 06 6C 06 6A 06 6B 06 63 06 5D 06 61 06 4F 06 5B 06 62 06 67 06 7F 06 70 06 63 06
3F 06 6F 06 98 06 6F 06 7D 06 8E 06 87 06 94 06 8D 06 95 06 8F 06 66 06 67 06 62 06 67 06 0E 06
62 06 6A 06 86 06 76 06 76 06 67 06 7D 06 73 06 72 06 48 06 1D 06 45 06 49 06 6D 06 5D 06 5F 06
65 06 4F 06 5D 06 5C 06 48 06 38 06 37 06 8D 06 59 06 8A 06 64 06 62 06 52 06 40 06 33 06 89 06
61 06 58 06 64 06 38 06 55 06 45 06 35 06 39 06 39 06 49 06 30 06 54 06 45 06 5C 06 86 06 50 06
4D 06 68 06 55 06 61 06 72 06 76 06 9A 06 C7 06 AF 06 98 06 93 06 8B 06 74 06 7B 06 3F 06 73 06
7B 06 67 06 64 06 71 06 8C 06 6D 06 6E 06 62 06 66 06 5C 06 5D 06 71 06 7E 06 78 06 23 06 57 06
5D 06 4A 06 48 06 4A 06 5A 06 6D 06 75 06 6D 06 5D 06 55 06 4D 06 4D 06 04 06 27 06 3C 06 48 06
7E 06 74 06 8A 06 9B 06 6E 06 58 06 5B 06 2C 06 1A 06 40 06 1F 06 29 06 34 06 73 06 34 06 29 06
35 06 11 06 19 06 11 06 05 06 F4 05 FD 05 05 06 16 06 1E 06 36 06 33 06 87 06 49 06 5E 06 62 06
46 06 5E 06 53 06 3F 06 3F 06 33 06 42 06 28 06 59 06 65 06 6F 06 8B 06 48 06 7D 06 7D 06 74 06
4E 06 3A 06 2E 06 42 06 36 06 30 06 3D 06 62 06 46 06 3E 06 45 06 31 06 FD 05 3B 06 43 06 44 06
68 06 6F 06 41 06 35 06 24 06 13 06 1B 06 15 06 38 06 29 06 3C 06 66 06 39 06 1E 06 30 06 00 06
E2 05 E2 05 E7 05 FA 05 0B 06 28 06 39 06 30 06 04 06 FD 05 41 06 54 06 49 06 1D 06 5D 06 1D 06
3D 06 01 06 09 06 25 06 23 06 01 06 08 06 F3 05 28 06 32 06 4A 06 5F 06 67 06 4B 06 53 06 3B 06
2F 06 22 06 1E 06 4B 06 21 06 47 06 36 06 28 06 29 06 25 06 11 06 2D 06 37 06 40 06 32 06 67 06
55 06 4E 06 5A 06 2A 06 56 06 40 06 62 06 58 06 4B 06 3B 06 2D 06 18 06 3C 06 39 06 2B 06 35 06
49 06 5C 06 6C 06 7A 06 52 06 28 06 21 06 1F 06 3C 06 63 06 14 06 1A 06 3E 06 3A 06 2B 06 63 06
5B 06 41 06 2B 06 1C 06 11 06 0B 06 1D 06 29 06 10 06 5E 06 31 06 30 06 25 06 09 06 0C 06 17 06
37 06 4A 06 61 06 6B 06 63 06 42 06 32 06 62 06 59 06 3C 06 43 06 46 06 55 06 69 06 6F 06 43 06
43 06 3E 06 3E 06 25 06 5C 06 67 06 67 06 6E 06 18 06 57 06 6A 06 7A 06 6E 06 3E 06 40 06 3E 06
