28 06 24 06 31 06 56 06 1D 06 2B 06 1D 06 24 06 19 06 5A 06 16 06 0F 06 20 06 17 06 09 06 20 06
34 06 14 06 01 06 0F 06 17 06 21 06 24 06 1D 06 19 06 2B 06 23 06 3B 06 10 06 47 06 4A 06 5A 06
4E 06 64 06 5C 06 34 06 5A 06 59 06 4C 06 58 06 52 06 60 06 3B 06 69 06 69 06 47 06 5A 06 5F 06
69 06 5B 06 50 06 14 06 5E 06 67 06 64 06 6B 06 2F 06 54 06 4E 06 39 06 2F 06 6F 06 38 06 38 06
30 06 39 06 35 06 35 06 53 06 1F 06 2B 06 37 06 24 06 68 06 29 06 1D 06 31 06 36 06 38 06 2C 06
23 06 21 06 09 06 57 06 33 06 3B 06 3B 06 43 06 3F 06 4E 06 60 06 5A 06 52 06 6E 06 23 06 5E 06
56 06 66 06 5A 06 5C 06 6F 06 2B 06 6E 06 5D 06 53 06 6B 06 37 06 5A 06 5F 06 6A 06 60 06 53 06
5A 06 66 06 4D 06 53 06 31 06 60 06 4C 06 58 06 3E 06 31 06 2B 06 25 06 2C 06 2D 06 1F 06 6F 06
25 06 2F 06 25 06 33 06 62 06 24 06 2C 06 24 06 17 06 23 06 24 06 3F 06 29 06 35 06 35 06 35 06
28 06 30 06 38 06 3B 06 2B 06 4A 06 34 06 63 06 62 06 67 06 56 06 31 06 62 06 56 06 5E 06 21 06
4E 06 61 06 68 06 63 06 66 06 38 06 68 06 66 06 66 06 6F 06 61 06 7B 06 62 06 66 06 67 06 6C 06
69 06 66 06 5E 06 56 06 54 06 42 06 5B 06 64 06 49 06 49 06 3B 06 87 06 40 06 43 06 33 06 37 06
3D 06 83 06 3E 06 3E 06 3E 06 3D 06 3B 06 41 06 4C 06 3D 06 35 06 25 06 2B 06 39 06 49 06 51 06
3D 06 45 06 4C 06 81 06 73 06 77 06 53 06 30 06 52 06 6F 06 61 06 62 06 2B 06 63 06 5F 06 5C 06
6A 06 6E 06 39 06 6D 06 69 06 6B 06 6B 06 66 06 43 06 60 06 5B 06 5B 06 62 06 5A 06 5E 06 57 06
42 06 4E 06 59 06 29 06 35 06 25 06 27 06 24 06 5C 06 76 06 3F 06 3B 06 44 06 47 06 72 06 36 06
3E 06 37 06 30 06 4E 06 41 06 34 06 30 06 35 06 39 06 35 06 66 06 4F 06 29 06 39 06 33 06 4E 06
21 06 33 06 41 06 4B 06 45 06 52 06 57 06 52 06 66 06 66 06 62 06 63 06 2B 06 67 06 65 06 65 06
58 06 5A 06 29 06 63 06 6F 06 6E 06 5B 06 60 06 5B 06 52 06 47 06 4E 06 4C 06 24 06 48 06 40 06
34 06 2C 06 4F 06 11 06 2D 06 1B 06 29 06 31 06 25 06 52 06 1F 06 2B 06 19 06 1A 06 0E 06 5A 06
23 06 23 06 22 06 27 06 26 06 31 06 33 06 2F 06 2F 06 2D 06 2D 06 41 06 45 06 4F 06 5B 06 67 06
63 06 46 06 76 06 76 06 76 06 72 06 36 06 74 06 6F 06 6C 06 72 06 30 06 35 06 6F 06 6D 06 68 06
78 06 32 06 76 06 79 06 78 06 70 06 6B 06 6A 06 5B 06 5D 06 5C 06 57 06 44 06 21 06 27 06 35 06
3D 06 2D 06 2B 06 37 06 42 06 1D 06 25 06 1A 06 2F 06 5A 06 23 06 2C 06 2C 06 2B 06 17 06 5B 06
20 06 1C 06 24 06 2B 06 27 06 2D 06 34 06 30 06 29 06 31 06 46 06 24 06 33 06 49 06 4F 06 26 06
44 06 6F 06 6C 06 6A 06 6A 06 24 06 78 06 74 06 77 06 78 06 82 06 49 06 5B 06 72 06 7E 06 7A 06
75 06 63 06 7B 06 7E 06 77 06 77 06 86 06 6B 06 77 06 6C 06 4C 06 53 06 67 06 35 06 3D 06 39 06
79 06 5E 06 35 06 2B 06 2F 06 29 06 73 06 31 06 33 06 2C 06 36 06 30 06 2D 06 7A 06 38 06 35 06
35 06 33 06 43 06 48 06 44 06 39 06 4B 06 31 06 4F 06 5B 06 5F 06 63 06 45 06 58 06 74 06 76 06
71 06 37 06 31 06 64 06 69 06 7C 06 77 06 3D 06 63 06 6B 06 7F 06 77 06 7E 06 7B 06 33 06 6B 06
7A 06 6E 06 5E 06 5C 06 66 06 5E 06 5C 06 3C 06 34 06 28 06 63 06 25 06 19 06 1C 06 23 06 1D 06
56 06 0F 06 33 06 43 06 45 06 2D 06 27 06 DC 05 07 06 17 06 1B 06 2C 06 16 06 14 06 0C 06 09 06
52 06 15 06 18 06 1F 06 1F 06 2F 06 52 06 33 06 3B 06 52 06 56 06 1B 06 52 06 4A 06 4F 06 5A 06
24 06 5F 06 6D 06 67 06 66 06 6F 06 78 06 51 06 79 06 7E 06 87 06 7E 06 66 06 7B 06 7E 06 70 06
6B 06 3B 06 74 06 5B 06 5C 06 58 06 54 06 66 06 31 06 29 06 30 06 3B 06 63 06 29 06 29 06 1F 06
30 06 31 06 22 06 52 06 29 06 17 06 1D 06 11 06 10 06 20 06 5A 06 21 06 27 06 21 06 29 06 25 06
28 06 28 06 2B 06 39 06 33 06 4E 06 67 06 5A 06 6A 06 62 06 6A 06 0D 06 56 06 4D 06 5A 06 54 06
1B 06 5C 06 63 06 5C 06 68 06 57 06 1E 06 56 06 53 06 5B 06 53 06 43 06 72 06 51 06 6A 06 62 06
66 06 34 06 56 06 44 06 49 06 34 06 41 06 71 06 3B 06 31 06 39 06 31 06 71 06 17 06 33 06 22 06
16 06 55 06 14 06 17 06 10 06 0F 06 28 06 3C 06 0F 06 11 06 0F 06 17 06 1C 06 1F 06 31 06 21 06
27 06 12 06 33 06 32 06 36 06 46 06 5A 06 4E 06 4B 06 16 06 56 06 4C 06 5C 06 4C 06 60 06 21 06
58 06 59 06 69 06 62 06 7A 06 68 06 19 06 5E 06 6A 06 5A 06 66 06 62 06 6B 06 5E 06 6A 06 56 06
7B 06 54 06 58 06 31 06 34 06 72 06 82 06 41 06 3D 06 37 06 3D 06 72 06 35 06 30 06 36 06 20 06
67 06 2F 06 41 06 2D 06 2E 06 3F 06 25 06 33 06 39 06 38 06 40 06 73 06 43 06 43 06 53 06 53 06
4F 06 30 06 6E 06 62 06 62 06 5A 06 29 06 56 06 5C 06 58 06 5D 06 39 06 2F 06 68 06 61 06 69 06
5D 06 1D 06 6F 06 68 06 6B 06 70 06 5A 06 66 06 66 06 5E 06 63 06 5C 06 56 06 6F 06 4C 06 49 06
41 06 39 06 6B 06 2C 06 30 06 29 06 2B 06 54 06 27 06 33 06 3B 06 30 06 3F 06 26 06 72 06 5B 06
1C 06 2C 06 24 06 2D 06 81 06 33 06 34 06 2C 06 38 06 28 06 21 06 19 06 41 06 48 06 49 06 4F 06
2C 06 5E 06 56 06 5A 06 44 06 46 06 3E 06 24 06 4F 06 4F 06 56 06 45 06 21 06 5E 06 43 06 4B 06
42 06 2A 06 68 06 76 06 6B 06 62 06 FD 05 08 06 3E 06 40 06 2E 06 68 06 33 06 20 06 24 06 21 06
25 06 5D 06 2B 06 25 06 2F 06 1F 06 62 06 57 06 30 06 1F 06 2C 06 2D 06 2B 06 46 06 2F 06 24 06
24 06 2B 06 34 06 35 06 3C 06 40 06 41 06 23 06 38 06 3A 06 5B 06 4B 06 2C 06 48 06 67 06 66 06
6E 06 62 06 3C 06 68 06 60 06 61 06 64 06 2B 06 68 06 68 06 63 06 5E 06 6B 06 63 06 41 06 5B 06
73 06 62 06 66 06 5A 06 6F 06 5E 06 66 06 5C 06 53 06 60 06 3D 06 37 06 25 06 1D 06 30 06 27 06
29 06 27 06 35 06 1F 06 19 06 4E 06 20 06 22 06 2E 06 25 06 15 06 6E 06 48 06 39 06 37 06 17 06
24 06 5F 06 15 06 21 06 23 06 23 06 17 06 26 06 47 06 45 06 51 06 2C 06 2C 06 56 06 6E 06 5C 06
6A 06 6A 06 2F 06 6D 06 73 06 5A 06 65 06 29 06 63 06 6B 06 5A 06 56 06 23 06 49 06 58 06 62 06
5C 06 47 06 15 06 47 06 4A 06 34 06 40 06 30 06 3F 06 2B 06 34 06 1F 06 17 06 1F 06 19 06 54 06
39 06 29 06 3B 06 3C 06 3E 06 68 06 2A 06 24 06 30 06 15 06 2E 06 29 06 76 06 29 06 2F 06 1D 06
31 06 25 06 39 06 31 06 51 06 57 06 2E 06 52 06 66 06 62 06 4B 06 19 06 52 06 60 06 5C 06 4C 06
29 06 23 06 4F 06 53 06 59 06 59 06 37 06 4F 06 5F 06 69 06 56 06 5B 06 66 06 17 06 60 06 64 06
53 06 44 06 60 06 3C 06 2C 06 2D 06 2C 06 4F 06 18 06 23 06 23 06 1D 06 4A 06 0B 06 1C 06 10 06
19 06 44 06 51 06 17 06 17 06 1B 06 0D 06 24 06 14 06 19 06 0F 06 58 06 21 06 19 06 18 06 19 06
46 06 1F 06 3B 06 31 06 01 06 34 06 47 06 3E 06 4C 06 58 06 17 06 4C 06 48 06 50 06 59 06 4F 06
5A 06 24 06 5E 06 5B 06 62 06 57 06 4E 06 6A 06 72 06 72 06 62 06 68 06 62 06 28 06 50 06 38 06
44 06 4C 06 40 06 31 06 35 06 34 06 3B 06 33 06 1F 06 56 06 27 06 24 06 31 06 11 06 47 06 1C 06
20 06 0E 06 15 06 07 06 14 06 27 06 10 06 0F 06 13 06 07 06 2C 06 57 06 25 06 1B 06 33 06 33 06
39 06 2C 06 27 06 7A 06 72 06 6C 06 4E 06 F5 05 56 06 56 06 58 06 64 06 1C 06 5A 06 68 06 5F 06
6F 06 31 06 7A 06 6E 06 63 06 5D 06 76 06 62 06 53 06 52 06 5B 06 57 06 57 06 60 06 2C 06 40 06
34 06 2D 06 52 06 63 06 2B 06 27 06 27 06 15 06 52 06 13 06 1F 06 21 06 07 06 33 06 12 06 03 06
17 06 11 06 0D 06 0E 06 68 06 46 06 0F 06 0F 06 29 06 19 06 21 06 5B 06 33 06 33 06 49 06 3F 06
1C 06 47 06 52 06 48 06 42 06 40 06 0D 06 42 06 54 06 5C 06 61 06 5E 06 31 06 53 06 63 06 63 06
6A 06 1C 06 5F 06 5B 06 66 06 62 06 64 06 5A 06 65 06 57 06 62 06 4E 06 76 06 39 06 3D 06 2D 06
34 06 2C 06 69 06 34 06 39 06 41 06 41 06 70 06 33 06 2B 06 36 06 21 06 2E 06 52 06 15 06 20 06
2D 06 2E 06 72 06 20 06 2C 06 18 06 31 06 23 06 5E 06 2F 06 4B 06 43 06 59 06 2C 06 63 06 66 06
5E 06 4F 06 20 06 4C 06 48 06 41 06 3F 06 4A 06 53 06 04 06 58 06 4D 06 5B 06 37 06 23 06 48 06
5A 06 41 06 4A 06 04 06 5A 06 3B 06 33 06 23 06 1C 06 0F 06 1E 06 14 06 20 06 15 06 55 06 14 06
2B 06 1B 06 0D 06 0F 06 23 06 4A 06 27 06 12 06 1E 06 03 06 50 06 17 06 04 06 04 06 0F 06 14 06
0F 06 1D 06 2D 06 19 06 47 06 14 06 3A 06 21 06 33 06 13 06 3A 06 33 06 46 06 3A 06 4E 06 0C 06
46 06 40 06 58 06 49 06 3F 06 48 06 23 06 58 06 5D 06 5F 06 63 06 57 06 33 06 59 06 53 06 66 06
67 06 5E 06 5D 06 53 06 56 06 4C 06 4E 06 5A 06 2C 06 1D 06 25 06 21 06 25 06 29 06 6B 06 1F 06
31 06 30 06 37 06 5A 06 2A 06 19 06 2C 06 26 06 72 06 4E 06 34 06 21 06 44 06 1F 06 38 06 27 06
48 06 31 06 41 06 35 06 51 06 63 06 53 06 4B 06 60 06 57 06 38 06 5B 06 6A 06 4A 06 5C 06 69 06
6E 06 28 06 5E 06 5D 06 6F 06 5D 06 31 06 4E 06 6A 06 66 06 68 06 68 06 30 06 6A 06 6E 06 66 06
47 06 52 06 66 06 4C 06 48 06 4C 06 49 06 63 06 3C 06 24 06 1F 06 1F 06 6E 06 6A 06 47 06 2B 06
2B 06 2A 06 67 06 5C 06 52 06 3D 06 1B 06 E4 05 35 06 3C 06 5A 06 21 06 2F 06 21 06 2C 06 20 06
1F 06 29 06 38 06 36 06 5F 06 1F 06 66 06 5A 06 64 06 42 06 56 06 5A 06 24 06 4F 06 5B 06 5D 06
68 06 59 06 52 06 1B 06 66 06 57 06 63 06 5B 06 47 06 54 06 76 06 5E 06 5A 06 5C 06 52 06 52 06
44 06 34 06 34 06 37 06 72 06 35 06 41 06 25 06 31 06 4E 06 2F 06 24 06 2E 06 26 06 62 06 15 06
26 06 23 06 33 06 20 06 4E 06 24 06 36 06 2C 06 2F 06 21 06 37 06 7B 06 41 06 3F 06 4B 06 3B 06
57 06 37 06 47 06 72 06 7A 06 82 06 78 06 3D 06 70 06 58 06 74 06 59 06 1F 06 4D 06 68 06 4F 06
5D 06 5E 06 1C 06 5F 06 66 06 59 06 6B 06 53 06 6A 06 47 06 56 06 4A 06 51 06 1E 06 48 06 1C 06
24 06 04 06 1C 06 37 06 2C 06 20 06 23 06 17 06 1C 06 3F 06 19 06 03 06 19 06 02 06 0F 06 49 06
15 06 05 06 FD 05 04 06 08 06 0B 06 58 06 11 06 0F 06 04 06 21 06 09 06 20 06 08 06 2B 06 2B 06
33 06 3A 06 05 06 3E 06 4E 06 37 06 52 06 0E 06 59 06 55 06 5E 06 47 06 1D 06 65 06 68 06 5B 06
67 06 4A 06 1E 06 68 06 5E 06 46 06 66 06 62 06 6B 06 52 06 46 06 50 06 68 06 4C 06 3C 06 17 06
31 06 43 06 25 06 21 06 2B 06 23 06 2F 06 4C 06 19 06 13 06 1D 06 0E 06 24 06 53 06 4C 06 10 06
16 06 0C 06 2B 06 56 06 1D 06 17 06 29 06 21 06 25 06 37 06 2F 06 41 06 4F 06 57 06 63 06 1C 06
66 06 4E 06 5A 06 48 06 15 06 52 06 61 06 51 06 66 06 20 06 5A 06 51 06 4D 06 4B 06 11 06 48 06
58 06 50 06 63 06 60 06 18 06 4B 06 4A 06 42 06 46 06 38 06 33 06 36 06 23 06 29 06 2D 06 11 06
57 06 13 06 25 06 23 06 21 06 17 06 63 06 1F 06 2C 06 26 06 27 06 15 06 40 06 16 06 20 06 1D 06
1F 06 1F 06 2C 06 4E 06 56 06 31 06 21 06 0D 06 43 06 37 06 47 06 4E 06 77 06 2C 06 79 06 57 06
6E 06 52 06 35 06 13 06 63 06 64 06 72 06 68 06 41 06 71 06 7A 06 72 06 7B 06 60 06 73 06 6A 06
66 06 62 06 8A 06 A6 06 82 06 6E 06 34 06 08 06 35 06 64 06 3D 06 3B 06 4F 06 41 06 8A 06 33 06
2D 06 11 06 0D 06 45 06 60 06 0C 06 2A 06 24 06 27 06 4E 06 24 06 16 06 24 06 15 06 68 06 23 06
44 06 29 06 41 06 43 06 66 06 3B 06 69 06 4F 06 83 06 6A 06 3A 06 6E 06 72 06 77 06 7A 06 34 06
64 06 65 06 79 06 73 06 30 06 2D 06 78 06 6D 06 77 06 5F 06 71 06 4B 06 71 06 56 06 62 06 50 06
67 06 1D 06 52 06 46 06 40 06 44 06 39 06 3A 06 0D 06 29 06 3D 06 2B 06 33 06 73 06 41 06 4C 06
43 06 39 06 4C 06 2E 06 6F 06 37 06 37 06 20 06 3C 06 44 06 54 06 2C 06 39 06 20 06 40 06 35 06
39 06 29 06 53 06 43 06 53 06 38 06 62 06 1F 06 3D 06 56 06 54 06 46 06 5A 06 58 06 24 06 4F 06
53 06 0D 06 65 06 48 06 6B 06 4D 06 6E 06 06 06 63 06 63 06 62 06 38 06 1C 06 41 06 53 06 41 06
52 06 49 06 40 06 24 06 2D 06 29 06 19 06 20 06 65 06 0B 06 19 06 01 06 24 06 5E 06 1B 06 18 06
24 06 16 06 53 06 15 06 21 06 17 06 14 06 50 06 3B 06 0F 06 2F 06 20 06 31 06 52 06 33 06 3B 06
53 06 42 06 39 06 43 06 76 06 66 06 6A 06 64 06 25 06 5A 06 4E 06 60 06 51 06 5B 06 34 06 67 06
6E 06 6F 06 78 06 2D 06 6F 06 49 06 5B 06 43 06 1A 06 52 06 5E 06 57 06 56 06 4E 06 30 06 34 06
3C 06 1F 06 2D 06 5B 06 25 06 31 06 29 06 1F 06 72 06 31 06 1F 06 11 06 0E 06 14 06 0C 06 52 06
13 06 13 06 2B 06 16 06 2C 06 0D 06 15 06 14 06 1C 06 59 06 2D 06 29 06 43 06 32 06 32 06 3E 06
4B 06 4A 06 56 06 34 06 6E 06 66 06 7A 06 62 06 7C 06 25 06 33 06 52 06 6B 06 56 06 6D 06 68 06
3F 06 72 06 83 06 7E 06 83 06 5A 06 7E 06 67 06 6B 06 56 06 2B 06 56 06 54 06 44 06 48 06 29 06
3C 06 58 06 2F 06 29 06 31 06 6B 06 3D 06 1F 06 2F 06 17 06 35 06 1C 06 5D 06 1C 06 31 06 20 06
20 06 34 06 35 06 67 06 39 06 2D 06 48 06 3C 06 41 06 4D 06 63 06 60 06 83 06 6F 06 68 06 6A 06
5E 06 5E 06 8C 06 A3 06 60 06 7C 06 48 06 2C 06 83 06 37 06 78 06 5B 06 68 06 69 06 5E 06 28 06
6B 06 63 06 70 06 72 06 66 06 52 06 69 06 37 06 4A 06 58 06 54 06 3C 06 47 06 31 06 3B 06 29 06
56 06 1B 06 29 06 19 06 1D 06 52 06 07 06 18 06 11 06 FC 05 53 06 30 06 FB 05 F1 05 04 06 10 06
45 06 E9 05 01 06 19 06 1D 06 11 06 29 06 3B 06 2A 06 38 06 3F 06 31 06 3C 06 52 06 78 06 5C 06
68 06 27 06 5C 06 60 06 69 06 52 06 3C 06 62 06 6F 06 79 06 73 06 33 06 78 06 71 06 71 06 70 06
7E 06 18 06 5E 06 64 06 70 06 4E 06 6C 06 48 06 48 06 34 06 50 06 37 06 3C 06 5D 06 3D 06 23 06
2D 06 1C 06 2E 06 5B 06 25 06 27 06 3C 06 34 06 34 06 54 06 27 06 2C 06 16 06 27 06 25 06 1F 06
1D 06 35 06 41 06 3B 06 49 06 27 06 58 06 53 06 5F 06 43 06 2C 06 5A 06 5C 06 48 06 68 06 2F 06
24 06 3F 06 52 06 53 06 43 06 01 06 49 06 40 06 4B 06 3B 06 2D 06 63 06 58 06 5B 06 5A 06 56 06
5E 06 13 06 29 06 43 06 24 06 1C 06 28 06 0D 06 55 06 10 06 18 06 0C 06 0D 06 4B 06 0F 06 06 06
24 06 05 06 27 06 52 06 12 06 1B 06 1F 06 17 06 07 06 38 06 15 06 15 06 13 06 0D 06 57 06 0F 06
21 06 3F 06 31 06 0C 06 47 06 23 06 33 06 36 06 52 06 11 06 4A 06 48 06 56 06 4A 06 40 06 F9 05
11 06 26 06 31 06 29 06 33 06 09 06 38 06 36 06 43 06 4B 06 36 06 3E 06 46 06 3A 06 42 06 13 06
47 06 2C 06 3C 06 24 06 4F 06 26 06 0F 06 00 06 14 06 08 06 43 06 1B 06 05 06 06 06 0B 06 F7 05
0E 06 48 06 18 06 FD 05 0C 06 0A 06 2C 06 09 06 0C 06 05 06 1B 06 13 06 18 06 20 06 2D 06 11 06
43 06 29 06 49 06 4B 06 52 06 14 06 20 06 3F 06 5A 06 52 06 56 06 14 06 6F 06 4F 06 6A 06 56 06
4F 06 40 06 FD 05 4B 06 2F 06 3F 06 4B 06 3E 06 53 06 4E 06 57 06 44 06 4C 06 43 06 46 06 42 06
24 06 3B 06 4E 06 19 06 1C 06 04 06 5E 06 57 06 11 06 23 06 33 06 29 06 72 06 2B 06 3A 06 2E 06
13 06 15 06 50 06 A5 06 44 06 3C 06 FF 05 EB 05 2B 06 1D 06 28 06 23 06 38 06 3B 06 3F 06 2B 06
43 06 53 06 1D 06 42 06 72 06 66 06 60 06 56 06 2F 06 4C 06 64 06 4A 06 62 06 24 06 58 06 51 06
72 06 56 06 53 06 4D 06 03 06 5B 06 63 06 47 06 44 06 46 06 4E 06 44 06 4C 06 3A 06 2C 06 27 06
18 06 21 06 2D 06 35 06 3B 06 81 06 27 06 36 06 2D 06 30 06 32 06 44 06 5C 06 1F 06 2B 06 27 06
2C 06 4E 06 2C 06 2F 06 39 06 37 06 70 06 25 06 3D 06 3F 06 4B 06 47 06 41 06 57 06 57 06 72 06
86 06 3D 06 80 06 82 06 72 06 66 06 71 06 69 06 24 06 67 06 57 06 60 06 7E 06 33 06 72 06 77 06
86 06 60 06 5E 06 67 06 62 06 62 06 69 06 2D 06 15 06 4C 06 44 06 40 06 49 06 1B 06 17 06 11 06
19 06 1F 06 57 06 27 06 2F 06 25 06 1F 06 1F 06 66 06 34 06 26 06 27 06 1B 06 20 06 40 06 20 06
23 06 11 06 17 06 21 06 31 06 29 06 29 06 41 06 4E 06 2D 06 5F 06 59 06 67 06 4A 06 4E 06 62 06
62 06 66 06 52 06 21 06 68 06 68 06 5F 06 6F 06 5A 06 5D 06 27 06 3C 06 6B 06 6E 06 68 06 5B 06
72 06 7A 06 67 06 6E 06 67 06 56 06 56 06 56 06 54 06 63 06 6A 06 30 06 31 06 39 06 3B 06 6F 06
35 06 35 06 2F 06 39 06 77 06 49 06 3C 06 38 06 2E 06 5A 06 39 06 3C 06 38 06 34 06 3D 06 7B 06
2F 06 39 06 40 06 49 06 49 06 47 06 4D 06 5F 06 80 06 77 06 54 06 31 06 76 06 68 06 64 06 4E 06
15 06 4A 06 64 06 68 06 5B 06 6B 06 2B 06 68 06 79 06 63 06 66 06 5E 06 34 06 43 06 6A 06 77 06
74 06 66 06 57 06 14 06 44 06 3C 06 4C 06 30 06 5A 06 20 06 25 06 35 06 31 06 29 06 1B 06 5C 06
17 06 25 06 1F 06 17 06 5E 06 2E 06 1F 06 15 06 20 06 6F 06 0B 06 05 06 0F 06 14 06 2D 06 5E 06
30 06 2D 06 39 06 41 06 21 06 29 06 47 06 43 06 5E 06 62 06 4F 06 25 06 6C 06 42 06 4E 06 49 06
23 06 67 06 66 06 5B 06 62 06 23 06 6B 06 6E 06 79 06 78 06 23 06 63 06 80 06 66 06 5E 06 6C 06
1B 06 46 06 5C 06 7C 06 54 06 76 06 F5 05 F5 05 35 06 39 06 66 06 3D 06 3D 06 27 06 2C 06 30 06
34 06 5A 06 34 06 27 06 32 06 3B 06 4E 06 3F 06 2E 06 19 06 27 06 67 06 1D 06 30 06 21 06 3B 06
25 06 63 06 4B 06 69 06 5F 06 7A 06 62 06 3D 06 62 06 60 06 5A 06 5E 06 51 06 19 06 5D 06 4A 06
39 06 35 06 0F 06 4B 06 57 06 5E 06 66 06 59 06 6B 06 6A 06 76 06 6C 06 1F 06 72 06 4E 06 42 06
54 06 34 06 05 06 37 06 19 06 11 06 21 06 5F 06 4B 06 1B 06 1C 06 33 06 21 06 30 06 58 06 21 06
1C 06 14 06 1B 06 1B 06 5B 06 24 06 2E 06 25 06 21 06 23 06 39 06 3D 06 2B 06 29 06 12 06 4E 06
5F 06 45 06 76 06 6B 06 76 06 49 06 6B 06 6A 06 6C 06 56 06 51 06 25 06 62 06 6F 06 61 06 6B 06
24 06 2D 06 77 06 65 06 58 06 6F 06 2C 06 6A 06 6A 06 6A 06 6F 06 60 06 50 06 28 06 4C 06 44 06
57 06 37 06 38 06 70 06 44 06 39 06 43 06 3D 06 45 06 7A 06 41 06 47 06 25 06 3C 06 32 06 30 06
83 06 39 06 37 06 2F 06 23 06 41 06 25 06 38 06 41 06 49 06 4D 06 5B 06 53 06 49 06 5D 06 3D 06
3D 06 62 06 6E 06 5E 06 2F 06 40 06 64 06 5C 06 51 06 4B 06 20 06 57 06 61 06 68 06 5E 06 5F 06
58 06 1C 06 63 06 58 06 5B 06 4B 06 54 06 4C 06 54 06 5E 06 4C 06 64 06 37 06 1C 06 25 06 28 06
46 06 19 06 23 06 13 06 17 06 4A 06 3F 06 0B 06 13 06 11 06 16 06 47 06 34 06 33 06 20 06 20 06
27 06 24 06 19 06 07 06 24 06 21 06 2D 06 31 06 41 06 4F 06 53 06 59 06 23 06 67 06 56 06 52 06
45 06 21 06 4E 06 4A 06 58 06 54 06 29 06 0C 06 53 06 56 06 54 06 4B 06 29 06 52 06 66 06 58 06
5E 06 5E 06 5A 06 FF 05 3A 06 45 06 47 06 5C 06 3C 06 2C 06 24 06 3A 06 1D 06 65 06 15 06 25 06
19 06 15 06 4F 06 23 06 17 06 23 06 22 06 4C 06 39 06 13 06 07 06 10 06 06 06 2C 06 15 06 21 06
19 06 0F 06 15 06 14 06 5B 06 1D 06 3B 06 41 06 4B 06 4B 06 28 06 3B 06 56 06 42 06 3F 06 4A 06
0C 06 56 06 79 06 83 06 7F 06 49 06 2F 06 40 06 5F 06 6D 06 72 06 6B 06 5B 06 68 06 73 06 70 06
4E 06 56 06 52 06 55 06 40 06 0E 06 1F 06 2E 06 26 06 05 06 0C 06 42 06 2F 06 EB 05 EF 05 E1 05
EC 05 29 06 F0 05 E7 05 EE 05 F6 05 F4 05 EF 05 1C 06 ED 05 E6 05 FC 05 F9 05 19 06 03 06 0C 06
14 06 18 06 09 06 13 06 1F 06 2A 06 2F 06 1C 06 4E 06 4E 06 46 06 4B 06 4E 06 21 06 46 06 4D 06
58 06 6A 06 4D 06 72 06 7E 06 81 06 82 06 7A 06 63 06 7F 06 81 06 80 06 7E 06 6A 06 70 06 7A 06
81 06 72 06 6E 06 78 06 60 06 4C 06 49 06 38 06 3C 06 40 06 71 06 59 06 49 06 4B 06 46 06 39 06
7A 06 2B 06 46 06 2F 06 44 06 4B 06 7F 06 74 06 3C 06 4C 06 4F 06 51 06 98 06 4E 06 51 06 49 06
6B 06 4B 06 5F 06 63 06 77 06 55 06 32 06 27 06 66 06 76 06 6E 06 7A 06 6A 06 33 06 6F 06 6D 06
60 06 7B 06 49 06 6F 06 8C 06 93 06 82 06 87 06 A2 06 83 06 92 06 7E 06 84 06 41 06 72 06 66 06
64 06 6C 06 7F 06 3F 06 59 06 44 06 29 06 41 06 39 06 67 06 45 06 40 06 39 06 3C 06 3A 06 63 06
33 06 1F 06 17 06 25 06 15 06 4C 06 20 06 0E 06 17 06 1D 06 21 06 13 06 21 06 19 06 28 06 2F 06
3B 06 1F 06 49 06 47 06 56 06 4E 06 07 06 5E 06 52 06 4E 06 50 06 39 06 3B 06 77 06 7B 06 62 06
58 06 27 06 6B 06 5F 06 68 06 6B 06 5B 06 63 06 62 06 62 06 54 06 46 06 37 06 15 06 25 06 54 06
29 06 2D 06 39 06 31 06 39 06 31 06 23 06 1F 06 3D 06 73 06 30 06 2B 06 2A 06 3C 06 20 06 22 06
40 06 1B 06 24 06 20 06 1F 06 41 06 3D 06 35 06 38 06 29 06 4B 06 2D 06 20 06 3B 06 2F 06 2D 06
44 06 3F 06 4E 06 4A 06 50 06 11 06 5A 06 5E 06 58 06 6B 06 63 06 56 06 23 06 4F 06 4E 06 52 06
53 06 5B 06 11 06 57 06 5E 06 4B 06 4C 06 4C 06 4A 06 36 06 32 06 2E 06 1C 06 10 06 F9 05 33 06
FF 05 2D 06 0F 06 13 06 13 06 0F 06 2F 06 FC 05 01 06 1A 06 0E 06 43 06 0A 06 17 06 15 06 1C 06
05 06 50 06 37 06 55 06 2D 06 18 06 E8 05 F9 05 35 06 33 06 33 06 23 06 14 06 39 06 3A 06 56 06
35 06 05 06 19 06 4A 06 34 06 3D 06 51 06 1B 06 5C 06 4E 06 58 06 58 06 35 06 67 06 53 06 5E 06
71 06 6A 06 72 06 4E 06 7E 06 84 06 6B 06 74 06 5C 06 44 06 54 06 4E 06 3C 06 66 06 7D 06 25 06
39 06 33 06 90 06 2C 06 5B 06 5D 06 4B 06 4C 06 8A 06 5F 06 4E 06 64 06 55 06 56 06 4C 06 A3 06
65 06 53 06 5C 06 4D 06 63 06 5C 06 54 06 4F 06 71 06 69 06 6F 06 2C 06 66 06 6E 06 6A 06 66 06
67 06 34 06 6D 06 68 06 78 06 5F 06 76 06 3D 06 6F 06 7E 06 76 06 6E 06 53 06 7F 06 7B 06 73 06
63 06 2C 06 60 06 6E 06 67 06 72 06 64 06 84 06 64 06 45 06 45 06 45 06 38 06 88 06 3B 06 4B 06
4D 06 47 06 4F 06 72 06 3F 06 56 06 4C 06 3E 06 3D 06 2B 06 78 06 4E 06 31 06 38 06 4D 06 4C 06
54 06 44 06 51 06 5F 06 63 06 67 06 4E 06 79 06 79 06 77 06 6A 06 2F 06 78 06 62 06 64 06 64 06
2F 06 6E 06 76 06 5C 06 68 06 4F 06 15 06 71 06 73 06 66 06 68 06 47 06 5B 06 57 06 67 06 3A 06
3E 06 37 06 0E 06 38 06 34 06 3C 06 46 06 45 06 28 06 25 06 2C 06 3B 06 4B 06 25 06 2F 06 17 06
27 06 6F 06 33 06 1F 06 25 06 18 06 35 06 46 06 20 06 2D 06 29 06 2D 06 2D 06 44 06 3D 06 4D 06
49 06 3B 06 49 06 26 06 32 06 43 06 46 06 2E 06 66 06 4E 06 46 06 3E 06 4A 06 0F 06 41 06 2F 06
53 06 40 06 1C 06 48 06 5A 06 5E 06 5B 06 5A 06 15 06 49 06 42 06 4A 06 67 06 4A 06 0F 06 36 06
36 06 3C 06 1C 06 01 06 27 06 05 06 04 06 19 06 1D 06 11 06 38 06 10 06 1A 06 15 06 F0 05 07 06
23 06 1E 06 0B 06 01 06 F7 05 F7 05 F1 05 40 06 FC 05 FD 05 06 06 FF 05 09 06 19 06 25 06 2F 06
20 06 1F 06 33 06 47 06 3E 06 56 06 28 06 51 06 52 06 60 06 5A 06 2D 06 FF 05 4B 06 57 06 46 06
73 06 39 06 62 06 63 06 8B 06 88 06 53 06 66 06 5A 06 54 06 62 06 51 06 56 06 70 06 34 06 4E 06
3C 06 34 06 80 06 59 06 49 06 45 06 ED 05 3C 06 29 06 2F 06 37 06 2F 06 66 06 51 06 1A 06 24 06
23 06 1D 06 35 06 89 06 3C 06 1B 06 31 06 33 06 2D 06 30 06 39 06 39 06 43 06 43 06 37 06 4B 06
53 06 6A 06 4E 06 0C 06 58 06 4E 06 60 06 4C 06 27 06 0B 06 61 06 66 06 6A 06 56 06 7D 06 3B 06
6B 06 67 06 53 06 71 06 78 06 34 06 7A 06 82 06 74 06 66 06 56 06 5B 06 69 06 4E 06 58 06 39 06
29 06 6B 06 31 06 2D 06 25 06 19 06 31 06 1D 06 66 06 2B 06 33 06 4C 06 3E 06 6E 06 25 06 21 06
20 06 36 06 35 06 23 06 34 06 27 06 1F 06 1B 06 09 06 29 06 47 06 28 06 23 06 5A 06 77 06 66 06
72 06 60 06 45 06 5A 06 72 06 77 06 6A 06 3D 06 6A 06 60 06 88 06 8F 06 93 06 87 06 5E 06 93 06
91 06 90 06 9A 06 86 06 A2 06 87 06 97 06 7A 06 5B 06 94 06 8C 06 6C 06 4C 06 9A 06 7F 06 59 06
51 06 59 06 53 06 51 06 69 06 97 06 51 06 57 06 4F 06 54 06 51 06 92 06 64 06 34 06 4C 06 44 06
33 06 6F 06 37 06 40 06 41 06 48 06 43 06 30 06 48 06 80 06 6B 06 63 06 7E 06 6E 06 86 06 8F 06
92 06 7E 06 45 06 78 06 74 06 58 06 57 06 4C 06 A0 06 89 06 88 06 93 06 49 06 4B 06 63 06 7B 06
52 06 56 06 16 06 6B 06 46 06 4F 06 4E 06 61 06 3C 06 40 06 37 06 20 06 41 06 0D 06 31 06 1D 06
17 06 2D 06 35 06 86 06 35 06 30 06 15 06 3B 06 1B 06 03 06 14 06 14 06 07 06 5A 06 41 06 14 06
34 06 28 06 2B 06 77 06 2D 06 31 06 3B 06 4B 06 2E 06 5A 06 4E 06 5A 06 58 06 5A 06 66 06 3F 06
5B 06 51 06 45 06 4F 06 4F 06 3B 06 0F 06 59 06 57 06 4F 06 57 06 43 06 5B 06 50 06 52 06 43 06
41 06 33 06 0F 06 44 06 44 06 36 06 26 06 40 06 01 06 09 06 F5 05 35 06 4D 06 0C 06 1D 06 0F 06
1B 06 57 06 5A 06 1E 06 16 06 26 06 20 06 5C 06 26 06 14 06 0D 06 1D 06 24 06 29 06 18 06 30 06
43 06 53 06 56 06 5E 06 61 06 5B 06 57 06 0C 06 36 06 23 06 48 06 3A 06 34 06 FD 05 20 06 0B 06
0B 06 1A 06 1B 06 0D 06 2D 06 28 06 D3 05 E7 05 0B 06 3E 06 46 06 53 06 6E 06 3C 06 46 06 5D 06
2E 06 36 06 2C 06 2C 06 37 06 13 06 2F 06 19 06 1F 06 57 06 F7 05 25 06 17 06 0D 06 67 06 3D 06
30 06 4E 06 3F 06 2C 06 63 06 0D 06 FC 05 EE 05 FB 05 F8 05 FD 05 05 06 20 06 1D 06 33 06 23 06
6A 06 4F 06 5F 06 55 06 52 06 24 06 66 06 6F 06 5F 06 60 06 25 06 36 06 38 06 5A 06 6A 06 37 06
7F 06 88 06 A3 06 AA 06 97 06 5C 06 83 06 83 06 7A 06 66 06 66 06 6E 06 62 06 53 06 42 06 37 06
34 06 3B 06 45 06 33 06 41 06 35 06 51 06 6F 06 35 06 40 06 31 06 2C 06 19 06 52 06 14 06 1F 06
2C 06 23 06 46 06 3C 06 35 06 55 06 53 06 65 06 44 06 41 06 49 06 53 06 69 06 5B 06 4B 06 63 06
67 06 61 06 77 06 51 06 43 06 8E 06 8A 06 8A 06 74 06 57 06 88 06 8F 06 77 06 6F 06 49 06 73 06
93 06 7A 06 7B 06 90 06 79 06 37 06 39 06 4E 06 44 06 4F 06 43 06 66 06 2F 06 60 06 3F 06 44 06
33 06 52 06 1D 06 19 06 31 06 33 06 31 06 41 06 85 06 3F 06 31 06 16 06 16 06 53 06 0B 06 29 06
0D 06 24 06 6B 06 33 06 21 06 20 06 2D 06 28 06 50 06 29 06 15 06 23 06 43 06 17 06 4B 06 57 06
3E 06 43 06 3B 06 11 06 47 06 42 06 41 06 4B 06 4B 06 0D 06 4A 06 4F 06 34 06 43 06 18 06 2F 06
38 06 3A 06 53 06 03 06 3C 06 46 06 4E 06 3E 06 3E 06 18 06 2C 06 20 06 24 06 31 06 55 06 21 06
19 06 13 06 17 06 FF 05 1C 06 3A 06 0A 06 11 06 13 06 24 06 28 06 67 06 27 06 0E 06 27 06 14 06
11 06 1D 06 0D 06 1C 06 18 06 19 06 2D 06 35 06 1F 06 3F 06 23 06 43 06 3B 06 56 06 56 06 56 06
4A 06 46 06 3E 06 40 06 E5 05 38 06 4B 06 57 06 6B 06 78 06 68 06 2F 06 4B 06 4A 06 3E 06 50 06
3A 06 43 06 36 06 45 06 3B 06 23 06 56 06 20 06 18 06 0E 06 19 06 1C 06 01 06 F9 05 11 06 07 06
53 06 19 06 04 06 FE 05 FB 05 13 06 16 06 4F 06 13 06 15 06 17 06 15 06 04 06 2B 06 0B 06 0B 06
EB 05 07 06 59 06 77 06 3B 06 59 06 0B 06 03 06 1F 06 36 06 5E 06 56 06 6F 06 6E 06 60 06 30 06
78 06 88 06 6D 06 77 06 3C 06 80 06 73 06 83 06 7B 06 3B 06 73 06 A8 06 A8 06 92 06 86 06 40 06
7B 06 76 06 97 06 74 06 95 06 7C 06 76 06 7D 06 73 06 71 06 60 06 7B 06 51 06 5B 06 59 06 67 06
57 06 54 06 86 06 4C 06 54 06 50 06 47 06 8F 06 54 06 44 06 3C 06 43 06 37 06 93 06 56 06 79 06
79 06 61 06 4B 06 3F 06 53 06 43 06 57 06 67 06 45 06 77 06 88 06 7B 06 6C 06 17 06 43 06 7C 06
7B 06 8B 06 9E 06 6D 06 A3 06 94 06 92 06 A7 06 8B 06 82 06 37 06 70 06 90 06 7A 06 75 06 70 06
7A 06 7E 06 5C 06 40 06 40 06 58 06 6F 06 7F 06 4D 06 4B 06 49 06 47 06 37 06 77 06 2B 06 47 06
43 06 4A 06 48 06 3F 06 8A 06 10 06 26 06 3B 06 0E 06 2D 06 37 06 4C 06 44 06 48 06 49 06 49 06
45 06 48 06 55 06 5B 06 6E 06 36 06 66 06 82 06 76 06 6A 06 39 06 34 06 50 06 5D 06 5B 06 35 06
57 06 6D 06 63 06 68 06 63 06 50 06 73 06 7E 06 6A 06 90 06 82 06 7E 06 35 06 69 06 57 06 4E 06
34 06 59 06 27 06 28 06 25 06 15 06 51 06 13 06 0B 06 0B 06 07 06 31 06 07 06 10 06 2C 06 1C 06
62 06 12 06 1D 06 15 06 FC 05 FC 05 01 06 03 06 01 06 0F 06 19 06 FD 05 09 06 2E 06 16 06 19 06
1F 06 21 06 23 06 E7 05 23 06 30 06 2F 06 38 06 2A 06 32 06 0B 06 2F 06 35 06 48 06 40 06 48 06
FB 05 2A 06 5E 06 73 06 71 06 63 06 50 06 27 06 5A 06 4E 06 47 06 46 06 44 06 36 06 1C 06 18 06
15 06 11 06 F1 05 29 06 F5 05 F7 05 1B 06 53 06 2D 06 30 06 1D 06 17 06 14 06 39 06 F9 05 FD 05
01 06 EC 05 1D 06 4B 06 05 06 0B 06 18 06 18 06 21 06 2B 06 49 06 61 06 53 06 4B 06 71 06 46 06
5E 06 5E 06 6B 06 46 06 17 06 5C 06 44 06 3D 06 57 06 2D 06 69 06 66 06 71 06 68 06 21 06 57 06
5A 06 6D 06 65 06 46 06 0C 06 42 06 56 06 5D 06 37 06 4C 06 54 06 44 06 48 06 3F 06 3D 06 24 06
33 06 2F 06 51 06 5F 06 39 06 47 06 23 06 F7 05 1F 06 30 06 24 06 2A 06 66 06 2D 06 24 06 25 06
20 06 29 06 2F 06 61 06 72 06 28 06 41 06 3D 06 3B 06 5E 06 35 06 5B 06 67 06 6E 06 76 06 66 06
74 06 6A 06 6A 06 66 06 6C 06 51 06 7B 06 77 06 6E 06 6B 06 6D 06 4F 06 7E 06 93 06 9B 06 9B 06
53 06 8F 06 66 06 6A 06 66 06 61 06 27 06 52 06 34 06 40 06 3D 06 7F 06 48 06 2F 06 2C 06 41 06
41 06 3D 06 6A 06 1D 06 33 06 2B 06 33 06 54 06 16 06 0B 06 21 06 14 06 38 06 FE 05 04 06 13 06
23 06 5F 06 7D 06 28 06 3D 06 39 06 5E 06 33 06 3B 06 38 06 5A 06 66 06 43 06 6E 06 74 06 72 06
86 06 7E 06 78 06 4B 06 9B 06 8E 06 79 06 3C 06 80 06 81 06 82 06 86 06 7A 06 59 06 70 06 7E 06
5C 06 5D 06 39 06 72 06 66 06 5C 06 58 06 5C 06 58 06 49 06 2D 06 38 06 31 06 95 06 31 06 45 06
3C 06 53 06 61 06 5B 06 8C 06 4E 06 50 06 3F 06 57 06 50 06 2C 06 5F 06 13 06 2D 06 4D 06 17 06
11 06 39 06 3B 06 3B 06 1F 06 37 06 5D 06 14 06 5A 06 92 06 7A 06 82 06 5D 06 6E 06 5C 06 A6 06
61 06 4B 06 5D 06 34 06 5F 06 48 06 22 06 1F 06 5A 06 37 06 58 06 53 06 47 06 46 06 5A 06 4A 06
F2 05 0E 06 3C 06 4E 06 21 06 2A 06 1B 06 2D 06 24 06 21 06 18 06 D5 05 E9 05 F1 05 FB 05 50 06
2B 06 17 06 1C 06 34 06 27 06 F3 05 0B 06 2C 06 04 06 55 06 8B 06 38 07 B4 06 4C 06 81 09 DB 09
CB 07 AD 04 A3 02 63 02 6F 04 53 04 EB 02 AA 03 FC 06 F2 06 C7 06 29 07 7C 07 F8 07 53 0A E3 09
2D 08 4D 07 8F 06 19 06 37 06 A3 05 54 04 BD 04 F8 05 73 06 B3 06 2A 07 55 07 2E 08 92 07 82 07
B8 06 8C 06 56 06 7F 07 DD 05 AF 05 58 05 25 05 D5 03 E5 03 0B 04 77 04 A7 04 11 05 B8 04 70 05
72 05 92 05 15 06 CC 06 5C 07 64 07 51 07 73 07 AD 07 10 08 CC 07 F1 07 2D 07 1B 07 70 06 DF 05
0D 05 49 05 97 05 BF 05 59 05 C2 05 54 06 CE 06 86 06 EF 05 BA 06 2F 07 7F 07 EF 07 DB 07 A8 07
6B 07 7A 07 02 07 AB 06 53 06 B9 05 E8 05 50 05 F0 04 4E 05 6C 05 BE 05 96 05 96 05 D4 05 F4 05
BF 06 55 06 AD 06 14 06 C4 05 47 06 97 05 9B 05 0F 06 FF 05 E2 05 A7 05 E7 05 FC 05 3C 06 77 06
7D 06 7D 06 8D 06 AE 06 A9 06 FF 06 E7 06 0C 07 FD 06 F9 06 F1 06 25 06 F7 05 AB 05 B3 05 BB 05
AF 05 FE 05 F6 05 16 06 F8 05 1C 06 44 06 60 06 84 06 C9 06 5B 06 7B 06 C0 06 EB 06 A1 06 CF 06
9F 06 BF 06 5F 06 58 06 47 06 7E 06 54 06 2D 06 27 06 26 06 27 06 8D 06 2B 06 56 06 5C 06 79 06
6D 06 8F 06 59 06 65 06 D1 06 97 06 91 06 B2 06 A7 06 9E 06 A7 06 90 06 76 06 43 06 E4 05 00 06
B4 05 BC 05 DB 05 E5 05 B3 05 1C 06 D9 05 5B 06 15 06 8B 06 4B 06 93 06 89 06 61 06 3F 06 8E 06
2A 06 1C 06 C6 05 99 05 F0 05 58 06 69 06 C5 06 9D 06 C0 06 E3 06 08 07 1B 07 0B 07 32 07 B6 06
8D 06 9A 06 72 06 96 06 A8 06 62 06 34 06 1A 06 08 06 0C 06 34 06 5E 06 08 06 29 06 11 06 51 06
39 06 45 06 5B 06 47 06 44 06 30 06 39 06 8C 06 37 06 6A 06 13 06 0C 06 27 06 1A 06 1D 06 3F 06
41 06 6A 06 45 06 39 06 41 06 23 06 38 06 1A 06 7A 06 80 06 B6 06 92 06 65 06 96 06 9A 06 74 06
78 06 76 06 9A 06 43 06 87 06 7F 06 8E 06 49 06 80 06 5B 06 67 06 51 06 5E 06 61 06 68 06 5E 06
46 06 2D 06 1C 06 4B 06 3C 06 44 06 34 06 3C 06 4E 06 11 06 0C 06 39 06 54 06 6B 06 1F 06 0B 06
19 06 27 06 33 06 1E 06 90 06 4A 06 6C 06 4D 06 51 06 44 06 60 06 92 06 43 06 1C 06 07 06 FC 05
00 06 FF 05 09 06 01 06 13 06 3B 06 58 06 55 06 6E 06 8A 06 76 06 9A 06 34 06 A3 06 4C 06 3C 06
FE 05 F5 05 EF 05 87 06 7A 06 6B 06 00 06 27 06 6F 06 7B 06 A8 06 90 06 7F 06 53 06 4E 06 19 06
47 06 46 06 64 06 29 06 1F 06 34 06 0C 06 F3 05 14 06 31 06 53 06 1F 06 DB 05 DF 05 07 06 7A 06
17 06 11 06 0D 06 36 06 3C 06 5A 06 F0 05 0C 06 21 06 29 06 2B 06 01 06 21 06 2C 06 4D 06 49 06
67 06 4C 06 96 06 9B 06 65 06 05 06 08 06 1E 06 32 06 26 06 12 06 E0 05 1A 06 3F 06 59 06 7F 06
49 06 7F 06 78 06 80 06 6B 06 8B 06 97 06 81 06 88 06 7E 06 72 06 8B 06 4E 06 53 06 36 06 27 06
3C 06 09 06 43 06 14 06 21 06 19 06 7E 06 73 06 43 06 1B 06 3D 06 2F 06 72 06 1B 06 11 06 F5 05
28 06 0F 06 1B 06 52 06 37 06 54 06 60 06 67 06 5B 06 8C 06 57 06 50 06 39 06 38 06 17 06 2D 06
31 06 39 06 1B 06 33 06 3B 06 6A 06 31 06 7B 06 7A 06 82 06 9D 06 8D 06 88 06 2C 06 7A 06 63 06
69 06 58 06 18 06 2A 06 33 06 34 06 3F 06 3B 06 56 06 66 06 86 06 7F 06 6E 06 60 06 7F 06 5C 06
3C 06 31 06 21 06 56 06 5D 06 33 06 1D 06 2D 06 2F 06 6E 06 39 06 50 06 4B 06 3C 06 6F 06 64 06
43 06 3F 06 30 06 2C 06 31 06 62 06 09 06 07 06 00 06 08 06 0B 06 09 06 13 06 0D 06 3B 06 FE 05
57 06 4F 06 76 06 82 06 79 06 96 06 AE 06 A4 06 8B 06 8D 06 51 06 66 06 63 06 4D 06 53 06 27 06
5B 06 47 06 5D 06 70 06 75 06 6B 06 27 06 7A 06 77 06 8E 06 66 06 62 06 7A 06 80 06 51 06 3F 06
1D 06 39 06 7F 06 3F 06 29 06 27 06 0F 06 09 06 42 06 11 06 17 06 32 06 37 06 55 06 7C 06 54 06
54 06 65 06 4C 06 30 06 07 06 FC 05 EC 05 F1 05 EF 05 C3 05 F9 05 0B 06 1F 06 31 06 26 06 72 06
8E 06 9A 06 A7 06 75 06 AC 06 A8 06 88 06 72 06 5F 06 62 06 FF 05 1E 06 33 06 36 06 32 06 4D 06
40 06 4B 06 6A 06 5F 06 46 06 42 06 42 06 57 06 5E 06 56 06 38 06 17 06 1F 06 53 06 34 06 21 06
21 06 1B 06 6B 06 1F 06 F9 05 F7 05 F5 05 24 06 13 06 06 06 12 06 13 06 1B 06 6F 06 27 06 18 06
2B 06 45 06 40 06 3C 06 39 06 21 06 31 06 26 06 32 06 4B 06 3B 06 3F 06 66 06 62 06 5A 06 18 06
4E 06 66 06 70 06 5C 06 6B 06 23 06 7B 06 71 06 5B 06 68 06 60 06 6F 06 19 06 36 06 58 06 3A 06
4B 06 5A 06 50 06 07 06 3F 06 42 06 3C 06 38 06 4F 06 4C 06 35 06 35 06 3C 06 3D 06 40 06 7B 06
43 06 45 06 5B 06 5F 06 6A 06 1D 06 EE 05 F2 05 07 06 41 06 F4 05 ED 05 F9 05 05 06 0B 06 5B 06
1C 06 44 06 49 06 65 06 37 06 43 06 43 06 63 06 37 06 42 06 26 06 14 06 4A 06 36 06 2A 06 42 06
2E 06 17 06 22 06 5E 06 6E 06 75 06 88 06 39 06 87 06 7A 06 5D 06 6A 06 5B 06 43 06 46 06 2B 06
30 06 37 06 3A 06 34 06 2C 06 34 06 47 06 7B 06 51 06 49 06 67 06 6C 06 63 06 92 06 5D 06 5D 06
50 06 43 06 82 06 25 06 1C 06 1B 06 17 06 1B 06 44 06 24 06 21 06 39 06 35 06 58 06 44 06 82 06
59 06 43 06 4B 06 5D 06 5B 06 61 06 74 06 66 06 6A 06 86 06 78 06 37 06 72 06 86 06 79 06 79 06
6E 06 57 06 2D 06 7F 06 61 06 5B 06 53 06 3B 06 70 06 7B 06 63 06 62 06 2D 06 87 06 6D 06 67 06
4E 06 68 06 4C 06 4C 06 5D 06 4D 06 50 06 40 06 41 06 62 06 47 06 3B 06 4B 06 47 06 53 06 8E 06
72 06 3A 06 2E 06 33 06 37 06 61 06 2E 06 2C 06 23 06 27 06 31 06 2D 06 41 06 68 06 69 06 5E 06
5E 06 44 06 59 06 77 06 76 06 8A 06 4D 06 90 06 86 06 7E 06 6A 06 25 06 6F 06 66 06 6E 06 68 06
20 06 38 06 68 06 56 06 5B 06 6F 06 3F 06 7E 06 97 06 82 06 84 06 90 06 77 06 64 06 48 06 3C 06
56 06 28 06 29 06 25 06 19 06 33 06 25 06 5F 06 2B 06 17 06 3C 06 27 06 7A 06 3D 06 2C 06 30 06
11 06 53 06 24 06 10 06 FE 05 07 06 19 06 18 06 15 06 19 06 19 06 19 06 1F 06 60 06 5B 06 83 06
83 06 77 06 66 06 5B 06 6F 06 4E 06 54 06 58 06 54 06 5D 06 18 06 3B 06 47 06 4F 06 5D 06 21 06
5F 06 6F 06 6B 06 78 06 7D 06 5E 06 44 06 76 06 7C 06 5E 06 60 06 62 06 34 06 2C 06 1D 06 20 06
4E 06 2C 06 28 06 29 06 37 06 7A 06 6A 06 4D 06 49 06 50 06 51 06 87 06 44 06 50 06 3D 06 3B 06
2F 06 2C 06 45 06 31 06 21 06 37 06 34 06 31 06 31 06 31 06 3D 06 4D 06 43 06 6B 06 65 06 5A 06
5A 06 1D 06 4A 06 50 06 64 06 6C 06 2C 06 27 06 5D 06 5E 06 66 06 6F 06 3B 06 67 06 56 06 4B 06
3D 06 33 06 70 06 5E 06 5A 06 5C 06 1A 06 3E 06 57 06 5C 06 40 06 54 06 4B 06 7C 06 37 06 24 06
15 06 1D 06 3B 06 14 06 F4 05 FB 05 FD 05 FB 05 3C 06 17 06 28 06 36 06 51 06 7C 06 4C 06 4F 06
37 06 2F 06 1D 06 0D 06 48 06 08 06 11 06 19 06 23 06 39 06 2B 06 38 06 66 06 56 06 52 06 5A 06
27 06 76 06 80 06 80 06 68 06 60 06 4F 06 2D 06 6B 06 6C 06 68 06 6A 06 53 06 6A 06 68 06 68 06
7A 06 6E 06 86 06 6B 06 61 06 50 06 35 06 5E 06 5C 06 4C 06 29 06 67 06 4D 06 34 06 28 06 43 06
3F 06 65 06 41 06 4A 06 3F 06 3C 06 66 06 44 06 2C 06 27 06 17 06 11 06 09 06 18 06 09 06 01 06
15 06 1C 06 31 06 2D 06 2D 06 41 06 31 06 36 06 58 06 43 06 56 06 4E 06 1B 06 1D 06 42 06 36 06
4E 06 41 06 21 06 60 06 66 06 72 06 78 06 71 06 4F 06 7E 06 7B 06 69 06 5E 06 6F 06 5A 06 6A 06
53 06 60 06 52 06 5A 06 44 06 4C 06 44 06 31 06 59 06 6C 06 40 06 35 06 43 06 6F 06 31 06 27 06
1F 06 19 06 1A 06 47 06 26 06 24 06 1B 06 17 06 17 06 14 06 6F 06 67 06 35 06 2F 06 48 06 40 06
5D 06 93 06 62 06 6B 06 68 06 4E 06 23 06 43 06 36 06 22 06 11 06 EA 05 FE 05 D6 05 4C 06 74 06
A3 06 A3 06 6C 06 C3 06 B8 06 90 06 83 06 5E 06 63 06 5B 06 5B 06 3F 06 1C 06 E5 05 2A 06 47 06
57 06 5C 06 7C 06 82 06 7C 06 79 06 5D 06 6B 06 53 06 49 06 4B 06 39 06 2D 06 15 06 42 06 FB 05
EA 05 DF 05 DA 05 0B 06 F3 05 DC 05 EC 05 F4 05 43 06 FB 05 F1 05 F7 05 0D 06 13 06 5B 06 39 06
2F 06 2D 06 2B 06 10 06 32 06 1E 06 26 06 13 06 1E 06 2A 06 0C 06 58 06 64 06 68 06 75 06 64 06
80 06 7F 06 88 06 87 06 4D 06 7A 06 78 06 73 06 60 06 19 06 58 06 41 06 20 06 1B 06 30 06 4A 06
30 06 34 06 2C 06 23 06 68 06 29 06 21 06 1B 06 15 06 0D 06 14 06 5B 06 F8 05 F0 05 F0 05 FC 05
E4 05 4A 06 06 06 FE 05 E7 05 FC 05 09 06 59 06 FC 05 F9 05 08 06 21 06 0D 06 2F 06 2F 06 41 06
47 06 4A 06 6A 06 24 06 58 06 E4 06 60 07 34 05 58 05 88 06 54 06 7F 04 44 05 34 06 59 06 F3 06
40 06 EB 05 AA 06 DB 06 DB 07 5B 08 BB 07 32 07 03 08 19 08 1E 07 0B 06 64 05 24 05 A4 04 E3 03
F0 02 07 03 3B 03 79 03 58 04 B5 04 80 04 3D 05 D3 06 49 07 9F 07 F0 08 8C 09 76 09 3E 09 9D 09
83 09 0D 09 CC 08 5C 08 75 07 99 06 01 06 91 05 BD 04 78 04 38 04 BF 03 CC 03 49 04 6B 04 07 04
1A 05 24 05 A5 05 18 06 46 06 1A 06 D9 05 29 06 FC 06 83 06 2E 06 4F 06 C8 06 13 06 48 06 13 06
56 06 30 06 71 06 AA 06 C2 06 FE 06 F7 06 72 07 4E 07 96 06 B4 06 D4 06 68 06 B1 06 6C 06 FC 05
48 06 97 06 76 06 AA 06 73 06 35 06 80 06 F7 06 E6 06 2A 07 52 07 32 07 2A 07 26 07 20 07 2E 07
BC 06 A1 06 7B 06 BD 05 A4 05 9C 05 8D 05 6B 05 1C 05 C6 04 C1 04 EF 04 31 05 2E 05 45 05 B1 05
02 06 C6 05 04 06 FD 05 8A 06 4C 06 A5 06 B6 06 B3 06 98 06 D3 06 9F 06 6A 06 BF 06 DF 06 C9 06
73 06 CA 06 02 07 DE 06 1A 07 20 07 2E 07 12 07 C4 06 CC 06 F6 06 9F 06 9D 06 A9 06 4D 06 9A 06
28 06 27 06 E7 05 D2 05 FF 05 0F 06 CA 05 E4 05 EC 05 19 06 3B 06 F1 05 53 06 24 06 3F 06 4D 06
3D 06 98 06 18 06 24 06 61 06 03 06 BB 05 23 06 FD 05 EB 05 07 06 B0 05 26 06 E2 05 08 06 52 06
29 06 2D 06 8D 06 99 06 B7 06 BD 06 CF 06 EB 06 DF 06 FB 06 C6 06 A1 06 D6 06 B8 06 9A 06 72 06
36 06 16 06 B9 05 F2 05 C7 05 C6 05 B8 05 BC 05 C9 05 EE 05 C0 05 F8 05 F1 05 FD 05 1F 06 03 06
1D 06 2D 06 4B 06 9E 06 6C 06 6C 06 57 06 59 06 47 06 39 06 75 06 3D 06 07 06 1B 06 39 06 19 06
38 06 19 06 11 06 F3 05 40 06 40 06 4D 06 63 06 5A 06 43 06 4D 06 4E 06 64 06 5C 06 76 06 34 06
61 06 61 06 7E 06 83 06 82 06 65 06 21 06 62 06 6A 06 77 06 69 06 67 06 6B 06 30 06 82 06 81 06
6A 06 72 06 50 06 58 06 5C 06 30 06 55 06 34 06 34 06 78 06 2F 06 3B 06 23 06 41 06 70 06 32 06
37 06 52 06 70 06 B9 06 6B 06 37 06 17 06 17 06 20 06 5F 06 15 06 24 06 2C 06 19 06 52 06 21 06
2B 06 23 06 33 06 FB 05 1B 06 2E 06 16 06 16 06 24 06 20 06 F6 05 26 06 34 06 38 06 3C 06 1B 06
7D 06 9C 06 B8 06 C0 06 91 06 E8 06 F8 06 DF 06 D3 06 D9 06 9E 06 C4 06 9C 06 82 06 66 06 52 06
44 06 34 06 37 06 15 06 ED 05 C5 05 E3 05 D8 05 DF 05 EB 05 E9 05 DF 05 FE 05 E3 05 EE 05 38 06
3F 06 3B 06 7B 06 59 06 80 06 7C 06 85 06 7B 06 8F 06 8F 06 74 06 4D 06 1F 06 18 06 1F 06 17 06
05 06 EB 05 03 06 E6 05 16 06 1A 06 28 06 5A 06 53 06 4F 06 AD 06 BC 06 D8 06 0B 07 B1 06 DD 06
E1 06 C9 06 C3 06 B6 06 88 06 5B 06 7A 06 77 06 72 06 47 06 2A 06 32 06 26 06 32 06 2C 06 26 06
11 06 42 06 1F 06 18 06 11 06 21 06 23 06 23 06 63 06 11 06 33 06 37 06 4B 06 4E 06 3C 06 74 06
33 06 4D 06 46 06 38 06 31 06 3B 06 3F 06 47 06 1C 06 1F 06 1B 06 2B 06 29 06 38 06 39 06 4F 06
36 06 66 06 6E 06 8C 06 7E 06 40 06 74 06 86 06 6C 06 83 06 2F 06 3B 06 66 06 59 06 68 06 47 06
0C 06 56 06 45 06 56 06 5B 06 58 06 76 06 7A 06 72 06 66 06 76 06 5C 06 15 06 1F 06 19 06 15 06
19 06 21 06 1F 06 2A 06 2B 06 21 06 1F 06 1F 06 5B 06 24 06 34 06 0F 06 1F 06 05 06 F4 05 2C 06
FB 05 05 06 03 06 15 06 34 06 30 06 29 06 39 06 53 06 6C 06 4D 06 68 06 5F 06 51 06 2C 06 54 06
52 06 48 06 3F 06 3E 06 44 06 EF 05 53 06 4F 06 62 06 62 06 5A 06 30 06 7B 06 87 06 9F 06 83 06
80 06 5B 06 84 06 5A 06 54 06 37 06 2F 06 E4 05 FC 05 FC 05 E4 05 DD 05 12 06 E9 05 F9 05 09 06
11 06 25 06 6C 06 69 06 5D 06 59 06 62 06 97 06 4C 06 54 06 42 06 31 06 20 06 5B 06 10 06 E9 05
DD 05 EC 05 EF 05 39 06 01 06 19 06 1D 06 4F 06 43 06 73 06 7B 06 83 06 9F 06 57 06 78 06 6A 06
6A 06 76 06 68 06 51 06 1F 06 4E 06 57 06 54 06 40 06 1F 06 47 06 53 06 6B 06 63 06 06 06 62 06
6A 06 5E 06 67 06 67 06 1C 06 3E 06 0E 06 0C 06 21 06 57 06 1B 06 25 06 28 06 40 06 31 06 5D 06
8B 06 44 06 6D 06 6B 06 71 06 5C 06 5F 06 45 06 5F 06 37 06 37 06 26 06 2D 06 2D 06 01 06 05 06
F8 05 0D 06 11 06 13 06 21 06 17 06 3D 06 26 06 52 06 62 06 58 06 5A 06 4F 06 1B 06 56 06 58 06
50 06 69 06 49 06 36 06 60 06 5D 06 69 06 73 06 56 06 78 06 66 06 7A 06 82 06 70 06 6B 06 66 06
75 06 76 06 5C 06 66 06 85 06 54 06 47 06 53 06 40 06 78 06 38 06 39 06 23 06 21 06 48 06 1B 06
2B 06 21 06 17 06 3C 06 58 06 36 06 35 06 2C 06 3C 06 4C 06 3D 06 3D 06 27 06 35 06 35 06 29 06
33 06 3B 06 20 06 3B 06 41 06 05 06 43 06 5A 06 56 06 62 06 27 06 76 06 8F 06 80 06 7F 06 41 06
84 06 8A 06 6F 06 5D 06 4D 06 0C 06 42 06 38 06 25 06 28 06 1E 06 27 06 26 06 21 06 27 06 37 06
4E 06 21 06 5C 06 4D 06 49 06 4F 06 89 06 53 06 53 06 43 06 2B 06 78 06 1F 06 02 06 0A 06 F4 05
36 06 FB 05 F3 05 E7 05 EC 05 46 06 07 06 0F 06 FB 05 07 06 03 06 05 06 21 06 1D 06 2A 06 4F 06
53 06 4B 06 5E 06 5E 06 62 06 76 06 73 06 88 06 3F 06 7A 06 86 06 7E 06 72 06 6D 06 25 06 6A 06
59 06 78 06 80 06 3A 06 5F 06 6D 06 5E 06 53 06 6A 06 5E 06 68 06 5D 06 5F 06 6A 06 74 06 7F 06
6C 06 69 06 4C 06 3D 06 70 06 D8 06 7F 06 FB 05 09 06 85 06 8A 06 C3 05 EE 05 57 06 CE 05 23 06
FF 05 FB 05 A5 05 20 06 18 06 FD 05 7B 06 EC 05 11 06 98 06 4D 06 1F 06 73 06 AA 06 6A 06 6B 06
7D 06 6E 06 25 06 66 06 96 06 5E 06 2E 06 66 06 6E 06 17 06 F7 05 5E 06 83 06 58 06 5B 06 78 06
37 06 86 06 75 06 83 06 82 06 5A 06 86 06 5D 06 54 06 63 06 62 06 42 06 69 06 4C 06 41 06 4F 06
38 06 72 06 40 06 27 06 53 06 39 06 56 06 53 06 39 06 41 06 19 06 5C 06 88 06 2C 06 17 06 41 06
17 06 54 06 38 06 4F 06 2F 06 4F 06 38 06 70 06 31 06 43 06 63 06 56 06 71 06 23 06 69 06 62 06
4A 06 7C 06 47 06 78 06 92 06 70 06 54 06 47 06 7E 06 6F 06 93 06 83 06 5B 06 2C 06 80 06 68 06
59 06 6B 06 3F 06 57 06 46 06 36 06 60 06 43 06 54 06 6E 06 54 06 50 06 51 06 41 06 8F 06 5D 06
57 06 67 06 59 06 7B 06 4F 06 40 06 20 06 24 06 5A 06 37 06 16 06 11 06 F3 05 09 06 51 06 09 06
29 06 3D 06 41 06 29 06 38 06 3F 06 4B 06 63 06 58 06 70 06 69 06 63 06 77 06 82 06 52 06 40 06
6E 06 62 06 54 06 68 06 1B 06 6E 06 6F 06 53 06 61 06 3F 06 2F 06 63 06 87 06 81 06 83 06 3B 06
86 06 62 06 8A 06 D4 06 56 06 52 06 86 06 56 06 40 06 5E 06 19 06 E7 05 61 06 08 06 3B 06 05 06
43 06 29 06 54 06 49 06 30 06 4A 06 5C 06 4A 06 12 06 FB 05 6E 06 4C 06 F5 05 0B 06 1B 06 05 06
1C 06 29 06 18 06 13 06 48 06 45 06 19 06 53 06 69 06 8B 06 56 06 7A 06 67 06 79 06 62 06 A0 06
5A 06 68 06 9E 06 42 06 73 06 7E 06 60 06 6F 06 47 06 87 06 75 06 43 06 7A 06 82 06 5B 06 72 06
45 06 5F 06 5A 06 5A 06 5D 06 64 06 4C 06 5D 06 35 06 6F 06 60 06 53 06 3B 06 2D 06 66 06 69 06
44 06 1B 06 33 06 0B 06 5E 06 32 06 01 06 13 06 20 06 38 06 23 06 25 06 33 06 37 06 41 06 38 06
53 06 53 06 43 06 55 06 43 06 21 06 67 06 5E 06 5E 06 5E 06 19 06 21 06 68 06 6E 06 68 06 54 06
23 06 86 06 62 06 63 06 5F 06 61 06 10 06 4B 06 45 06 38 06 47 06 30 06 F8 05 34 06 3B 06 2B 06
44 06 1E 06 4E 06 56 06 48 06 3F 06 51 06 3C 06 7B 06 39 06 43 06 39 06 3D 06 30 06 30 06 56 06
17 06 08 06 07 06 16 06 2C 06 07 06 F4 05 EC 05 03 06 28 06 34 06 39 06 40 06 3B 06 66 06 4B 06
33 06 78 06 6F 06 73 06 56 06 76 06 86 06 6A 06 5E 06 27 06 4C 06 4E 06 38 06 33 06 3E 06 24 06
0F 06 45 06 3F 06 33 06 4A 06 4B 06 5F 06 0A 06 53 06 7E 06 5E 06 6C 06 64 06 67 06 60 06 6C 06
3F 06 2D 06 37 06 48 06 25 06 20 06 05 06 33 06 07 06 07 06 01 06 07 06 03 06 3F 06 36 06 26 06
0D 06 1B 06 49 06 88 06 1C 06 0B 06 EB 05 07 06 19 06 14 06 18 06 13 06 19 06 30 06 2B 06 56 06
53 06 56 06 62 06 5E 06 72 06 38 06 2B 06 6A 06 48 06 54 06 4E 06 28 06 4E 06 49 06 38 06 40 06
F5 05 3A 06 2E 06 31 06 21 06 33 06 46 06 32 06 52 06 40 06 4E 06 56 06 74 06 4C 06 55 06 46 06
39 06 63 06 45 06 4B 06 37 06 23 06 61 06 2B 06 16 06 00 06 02 06 06 06 34 06 FE 05 09 06 FC 05
06 06 FC 05 07 06 76 06 47 06 FD 05 1C 06 4D 06 2D 06 3D 06 63 06 58 06 5B 06 79 06 73 06 2C 06
5A 06 60 06 72 06 46 06 42 06 42 06 11 06 45 06 56 06 42 06 4D 06 18 06 69 06 58 06 5F 06 71 06
24 06 6F 06 8B 06 86 06 82 06 71 06 39 06 67 06 54 06 56 06 54 06 44 06 67 06 43 06 31 06 40 06
38 06 41 06 52 06 41 06 25 06 31 06 1F 06 76 06 3E 06 3E 06 49 06 32 06 47 06 09 06 1C 06 14 06
15 06 63 06 24 06 1C 06 34 06 2D 06 15 06 1D 06 2B 06 3B 06 39 06 3B 06 13 06 5A 06 5F 06 6B 06
62 06 6C 06 5A 06 31 06 69 06 6F 06 60 06 24 06 5B 06 6D 06 58 06 6F 06 56 06 35 06 63 06 58 06
56 06 52 06 5A 06 3F 06 52 06 4A 06 4E 06 4C 06 21 06 25 06 3B 06 35 06 3C 06 7B 06 41 06 4F 06
3F 06 3D 06 27 06 2B 06 64 06 30 06 17 06 34 06 22 06 27 06 5B 06 32 06 14 06 25 06 2B 06 29 06
61 06 2E 06 31 06 48 06 58 06 44 06 5F 06 63 06 69 06 5B 06 62 06 66 06 1D 06 62 06 66 06 62 06
6E 06 25 06 68 06 6B 06 67 06 65 06 2C 06 7B 06 62 06 72 06 53 06 68 06 71 06 80 06 77 06 7A 06
70 06 31 06 77 06 6A 06 58 06 76 06 84 06 5F 06 57 06 4C 06 39 06 45 06 2B 06 83 06 3D 06 2D 06
37 06 26 06 62 06 21 06 24 06 1E 06 52 06 0D 06 18 06 2C 06 2C 06 26 06 5A 06 20 06 35 06 2D 06
41 06 41 06 45 06 51 06 4B 06 67 06 53 06 59 06 14 06 56 06 5A 06 4A 06 4A 06 60 06 25 06 72 06
68 06 7F 06 3C 06 67 06 7B 06 81 06 7F 06 86 06 47 06 83 06 7B 06 80 06 72 06 72 06 25 06 62 06
52 06 62 06 6C 06 95 06 69 06 3F 06 29 06 30 06 58 06 4D 06 80 06 3C 06 3D 06 4D 06 3C 06 30 06
2A 06 26 06 47 06 13 06 07 06 14 06 0C 06 14 06 30 06 29 06 20 06 2D 06 38 06 49 06 38 06 47 06
6B 06 5F 06 6F 06 81 06 39 06 7E 06 86 06 7E 06 6F 06 70 06 76 06 40 06 64 06 64 06 59 06 5B 06
2D 06 4F 06 4F 06 63 06 5B 06 3B 06 52 06 68 06 62 06 72 06 2F 06 76 06 6F 06 7F 06 60 06 56 06
3C 06 54 06 37 06 41 06 2C 06 71 06 39 06 3B 06 31 06 45 06 7B 06 35 06 33 06 26 06 34 06 36 06
38 06 77 06 29 06 35 06 34 06 19 06 2A 06 25 06 19 06 2C 06 2B 06 55 06 11 06 37 06 2F 06 43 06
59 06 62 06 63 06 62 06 68 06 62 06 2D 06 35 06 60 06 6B 06 5F 06 61 06 67 06 31 06 54 06 4F 06
4F 06 5A 06 4F 06 57 06 10 06 50 06 5A 06 56 06 5A 06 4A 06 54 06 4A 06 50 06 3C 06 30 06 5B 06
3C 06 28 06 0F 06 24 06 1D 06 4F 06 2D 06 1F 06 1F 06 17 06 53 06 5A 06 1C 06 27 06 1D 06 29 06
61 06 1C 06 14 06 28 06 2B 06 1D 06 19 06 2C 06 19 06 21 06 23 06 14 06 4B 06 3F 06 4B 06 53 06
66 06 1F 06 64 06 6E 06 5E 06 27 06 6D 06 14 06 CB 05 10 06 0D 06 15 06 5E 06 FB 05 17 06 13 06
0C 06 24 06 23 06 39 06 39 06 25 06 41 06 3E 06 06 06 36 06 3A 06 2F 06 5A 06 46 06 17 06 3A 06
3F 06 41 06 42 06 46 06 0D 06 49 06 4F 06 52 06 5B 06 4B 06 51 06 FB 05 05 06 4A 06 3E 06 48 06
3E 06 3A 06 0C 06 34 06 24 06 FF 05 1E 06 27 06 08 06 13 06 11 06 11 06 FF 05 0F 06 5B 06 FB 05
09 06 06 06 04 06 42 06 1C 06 1D 06 1B 06 20 06 63 06 5C 06 25 06 23 06 19 06 3E 06 0F 06 1B 06
23 06 22 06 43 06 27 06 4F 06 4F 06 62 06 6A 06 6E 06 56 06 15 06 4E 06 5A 06 5D 06 5B 06 56 06
09 06 52 06 58 06 51 06 5F 06 5F 06 39 06 4C 06 69 06 50 06 5B 06 66 06 5C 06 19 06 25 06 57 06
4E 06 4C 06 4C 06 3C 06 3D 06 30 06 3C 06 2F 06 27 06 6A 06 0D 06 25 06 27 06 13 06 25 06 1F 06
33 06 30 06 21 06 27 06 1C 06 35 06 44 06 38 06 3B 06 3F 06 7F 06 3D 06 39 06 5F 06 62 06 2A 06
7F 06 59 06 6F 06 67 06 7A 06 44 06 86 06 8E 06 7C 06 60 06 61 06 78 06 3B 06 73 06 67 06 68 06
63 06 43 06 82 06 67 06 5B 06 5A 06 42 06 6B 06 6A 06 44 06 4D 06 3B 06 6A 06 50 06 44 06 40 06
48 06 42 06 18 06 1D 06 1D 06 13 06 53 06 0B 06 11 06 07 06 0D 06 42 06 00 06 0C 06 14 06 1B 06
13 06 15 06 44 06 14 06 1C 06 1D 06 2F 06 30 06 34 06 38 06 39 06 38 06 47 06 34 06 4B 06 4F 06
5B 06 20 06 44 06 6A 06 70 06 7C 06 7E 06 3E 06 38 06 7F 06 6B 06 7B 06 82 06 69 06 2B 06 72 06
6F 06 5F 06 5F 06 5A 06 2B 06 6D 06 66 06 70 06 56 06 66 06 82 06 60 06 4E 06 38 06 35 06 37 06
21 06 69 06 35 06 33 06 37 06 45 06 91 06 35 06 33 06 50 06 36 06 82 06 3C 06 43 06 43 06 2F 06
90 06 5C 06 3D 06 4F 06 41 06 39 06 88 06 49 06 3D 06 51 06 6A 06 57 06 92 06 87 06 6E 06 76 06
3B 06 86 06 73 06 8A 06 76 06 74 06 79 06 3F 06 7E 06 81 06 7E 06 81 06 51 06 86 06 8F 06 83 06
6F 06 25 06 7A 06 82 06 B0 06 A4 06 83 06 64 06 1E 06 64 06 44 06 49 06 6F 06 39 06 39 06 29 06
39 06 27 06 1D 06 42 06 21 06 1F 06 31 06 28 06 24 06 1F 06 52 06 1F 06 23 06 2C 06 24 06 35 06
2F 06 34 06 29 06 38 06 30 06 3B 06 4F 06 49 06 42 06 53 06 59 06 38 06 6E 06 76 06 66 06 80 06
4B 06 82 06 74 06 88 06 89 06 59 06 3D 06 78 06 73 06 7F 06 79 06 4F 06 90 06 6D 06 80 06 86 06
7E 06 34 06 7E 06 6A 06 63 06 4B 06 44 06 5F 06 33 06 34 06 4C 06 40 06 81 06 38 06 45 06 3B 06
35 06 6F 06 30 06 30 06 1F 06 2F 06 54 06 5B 06 1C 06 17 06 20 06 20 06 2D 06 17 06 25 06 25 06
2C 06 3F 06 4D 06 57 06 43 06 69 06 42 06 25 06 53 06 53 06 6A 06 64 06 66 06 3C 06 72 06 68 06
6E 06 7D 06 44 06 6C 06 5F 06 63 06 78 06 80 06 3F 06 97 06 8A 06 79 06 82 06 76 06 70 06 6D 06
75 06 73 06 66 06 74 06 64 06 68 06 74 06 3F 06 35 06 49 06 86 06 30 06 47 06 3B 06 3B 06 45 06
6B 06 2B 06 2E 06 14 06 1F 06 2C 06 42 06 20 06 24 06 1C 06 37 06 1F 06 31 06 35 06 24 06 31 06
39 06 2D 06 59 06 51 06 51 06 43 06 19 06 3B 06 52 06 52 06 60 06 52 06 15 06 42 06 52 06 59 06
72 06 2D 06 59 06 51 06 5B 06 58 06 5F 06 4A 06 48 06 70 06 69 06 66 06 5E 06 4E 06 57 06 60 06
60 06 74 06 8B 06 65 06 59 06 65 06 48 06 82 06 59 06 3B 06 53 06 47 06 55 06 89 06 43 06 47 06
43 06 57 06 6F 06 31 06 20 06 26 06 27 06 26 06 2D 06 29 06 28 06 24 06 1D 06 29 06 1F 06 3B 06
51 06 49 06 4B 06 3F 06 5E 06 57 06 66 06 64 06 31 06 1C 06 56 06 4F 06 65 06 34 06 66 06 6F 06
5A 06 68 06 52 06 4B 06 6E 06 58 06 5F 06 6B 06 63 06 62 06 29 06 13 06 3B 06 3A 06 3C 06 38 06
30 06 18 06 41 06 2B 06 21 06 30 06 66 06 27 06 25 06 1D 06 25 06 27 06 5C 06 19 06 2A 06 0F 06
1F 06 33 06 48 06 0C 06 0E 06 19 06 15 06 27 06 35 06 34 06 3D 06 3B 06 36 06 5E 06 48 06 4E 06
33 06 3F 06 10 06 5F 06 82 06 90 06 7E 06 29 06 12 06 4F 06 5D 06 56 06 4F 06 61 06 39 06 62 06
6C 06 5A 06 7A 06 43 06 52 06 68 06 56 06 66 06 25 06 67 06 4C 06 42 06 4C 06 52 06 0D 06 45 06
29 06 27 06 3C 06 73 06 27 06 31 06 2B 06 39 06 50 06 34 06 74 06 32 06 3C 06 46 06 4B 06 43 06
77 06 2A 06 30 06 1F 06 17 06 20 06 21 06 38 06 31 06 3D 06 42 06 57 06 65 06 62 06 5A 06 47 06
56 06 4E 06 15 06 44 06 5A 06 6A 06 64 06 27 06 5F 06 67 06 5F 06 58 06 1B 06 43 06 6B 06 5F 06
6B 06 53 06 2C 06 6B 06 56 06 50 06 6E 06 52 06 4E 06 46 06 3C 06 3D 06 45 06 21 06 62 06 13 06
39 06 29 06 1B 06 2D 06 1D 06 52 06 31 06 2B 06 3A 06 14 06 53 06 0C 06 09 06 0F 06 17 06 04 06
13 06 2F 06 17 06 0C 06 0C 06 18 06 07 06 1B 06 2B 06 39 06 2B 06 21 06 37 06 37 06 3A 06 3E 06
07 06 0D 06 3A 06 33 06 4D 06 51 06 0E 06 49 06 40 06 5D 06 4A 06 5A 06 42 06 12 06 5F 06 68 06
43 06 4E 06 52 06 49 06 3B 06 32 06 2E 06 4F 06 34 06 3E 06 2D 06 2D 06 66 06 2D 06 23 06 2B 06
2F 06 34 06 30 06 FD 05 10 06 10 06 07 06 3E 06 1C 06 0D 06 FC 05 07 06 2C 06 09 06 2C 06 25 06
20 06 19 06 21 06 28 06 14 06 05 06 29 06 25 06 31 06 2B 06 09 06 3E 06 4A 06 3A 06 4A 06 4E 06
50 06 06 06 63 06 4B 06 63 06 68 06 73 06 35 06 73 06 5F 06 66 06 65 06 63 06 44 06 5E 06 5A 06
5E 06 6D 06 57 06 23 06 56 06 4E 06 2C 06 2D 06 0D 06 65 06 15 06 21 06 13 06 0F 06 3F 06 23 06
15 06 FB 05 F7 05 FF 05 36 06 FE 05 0B 06 06 06 F0 05 3C 06 04 06 FB 05 05 06 09 06 1D 06 1D 06
52 06 33 06 2D 06 36 06 5F 06 41 06 16 06 43 06 4A 06 32 06 48 06 52 06 24 06 5A 06 64 06 61 06
61 06 09 06 1A 06 4A 06 50 06 58 06 6E 06 49 06 7A 06 78 06 72 06 66 06 62 06 76 06 5E 06 4B 06
56 06 44 06 3B 06 78 06 55 06 54 06 35 06 3D 06 5F 06 33 06 30 06 37 06 41 06 41 06 90 06 47 06
3A 06 2C 06 1D 06 44 06 A9 06 53 06 3E 06 24 06 DC 05 23 06 17 06 56 06 10 06 11 06 1D 06 1B 06
21 06 34 06 3B 06 31 06 56 06 4E 06 52 06 37 06 3A 06 30 06 36 06 44 06 01 06 48 06 45 06 6F 06
5A 06 04 06 3A 06 50 06 4E 06 5F 06 52 06 4F 06 53 06 52 06 54 06 42 06 46 06 4F 06 46 06 3A 06
36 06 3C 06 27 06 3B 06 19 06 14 06 2D 06 57 06 21 06 0F 06 11 06 1B 06 06 06 5A 06 13 06 14 06
2E 06 05 06 43 06 F6 05 04 06 FC 05 0C 06 0F 06 3F 06 14 06 28 06 1D 06 23 06 0B 06 1D 06 23 06
17 06 2F 06 0E 06 36 06 3D 06 42 06 46 06 3A 06 32 06 E9 05 3F 06 4F 06 46 06 49 06 15 06 4D 06
58 06 56 06 37 06 05 06 42 06 2A 06 30 06 33 06 34 06 03 06 23 06 27 06 2E 06 1C 06 1C 06 03 06
0B 06 0D 06 11 06 01 06 29 06 29 06 5A 06 18 06 1F 06 1D 06 10 06 10 06 49 06 24 06 15 06 1B 06
24 06 54 06 20 06 1C 06 29 06 0F 06 17 06 1C 06 58 06 29 06 39 06 57 06 3F 06 16 06 5B 06 4E 06
5A 06 6A 06 30 06 68 06 52 06 64 06 5A 06 37 06 35 06 64 06 74 06 6E 06 6B 06 2B 06 56 06 7B 06
6B 06 88 06 43 06 62 06 62 06 4C 06 66 06 66 06 5F 06 67 06 5C 06 44 06 39 06 2D 06 63 06 0C 06
0F 06 09 06 03 06 65 06 37 06 2F 06 40 06 33 06 6B 06 6E 06 27 06 1D 06 31 06 2D 06 6A 06 3F 06
39 06 1B 06 27 06 31 06 38 06 34 06 21 06 23 06 33 06 4F 06 70 06 63 06 57 06 7E 06 6A 06 72 06
72 06 5E 06 7C 06 72 06 6C 06 78 06 3F 06 43 06 6C 06 69 06 81 06 76 06 5E 06 56 06 86 06 78 06
7A 06 72 06 76 06 64 06 64 06 67 06 66 06 67 06 7F 06 44 06 21 06 31 06 67 06 30 06 17 06 25 06
1F 06 15 06 4B 06 1F 06 1F 06 29 06 2C 06 07 06 1A 06 54 06 23 06 16 06 2E 06 21 06 2D 06 64 06
35 06 28 06 54 06 39 06 49 06 4D 06 5A 06 5B 06 52 06 6B 06 72 06 60 06 64 06 75 06 6C 06 60 06
62 06 78 06 78 06 45 06 83 06 7A 06 7A 06 76 06 48 06 77 06 73 06 7B 06 8F 06 72 06 76 06 7E 06
68 06 5E 06 6D 06 82 06 BE 06 98 06 7C 06 4C 06 F9 05 6B 06 88 06 48 06 4D 06 49 06 86 06 80 06
4F 06 33 06 3A 06 3A 06 82 06 4C 06 50 06 3B 06 20 06 20 06 34 06 78 06 1D 06 2E 06 24 06 1C 06
31 06 25 06 36 06 3E 06 48 06 50 06 31 06 17 06 56 06 6E 06 58 06 5A 06 5E 06 33 06 62 06 5D 06
5C 06 6A 06 5E 06 31 06 68 06 61 06 73 06 60 06 5B 06 63 06 63 06 73 06 6A 06 34 06 6A 06 6A 06
5D 06 4C 06 54 06 2D 06 24 06 26 06 1D 06 25 06 5F 06 1C 06 23 06 28 06 37 06 6A 06 53 06 2B 06
1B 06 04 06 16 06 24 06 4A 06 13 06 1D 06 27 06 24 06 40 06 27 06 13 06 21 06 21 06 5B 06 37 06
29 06 3D 06 5F 06 5B 06 6A 06 66 06 72 06 6E 06 7A 06 47 06 8A 06 76 06 81 06 85 06 6C 06 6A 06
3C 06 6E 06 80 06 80 06 8B 06 93 06 93 06 6A 06 92 06 92 06 86 06 77 06 86 06 70 06 56 06 64 06
6C 06 5C 06 59 06 6B 06 60 06 38 06 29 06 35 06 25 06 39 06 59 06 32 06 27 06 27 06 31 06 66 06
2C 06 23 06 23 06 21 06 2C 06 2C 06 30 06 25 06 29 06 28 06 1C 06 1B 06 21 06 45 06 49 06 23 06
6B 06 5B 06 52 06 56 06 5E 06 30 06 41 06 42 06 3E 06 54 06 5C 06 39 06 72 06 6E 06 6B 06 71 06
68 06 5E 06 29 06 4C 06 7E 06 82 06 7A 06 8B 06 87 06 3D 06 87 06 7B 06 62 06 72 06 7D 06 4C 06
60 06 64 06 47 06 4B 06 4B 06 8B 06 47 06 4F 06 4D 06 3E 06 72 06 51 06 54 06 4C 06 43 06 81 06
50 06 37 06 46 06 44 06 5D 06 9E 06 55 06 48 06 5D 06 44 06 43 06 4B 06 52 06 4F 06 5D 06 63 06
71 06 68 06 86 06 72 06 74 06 7E 06 72 06 25 06 5C 06 65 06 8B 06 76 06 8D 06 4F 06 73 06 89 06
72 06 6E 06 6B 06 6A 06 2E 06 25 06 6A 06 63 06 6D 06 72 06 5C 06 2D 06 4E 06 3C 06 33 06 2D 06
62 06 2B 06 21 06 23 06 33 06 35 06 25 06 57 06 2B 06 10 06 11 06 1C 06 3E 06 23 06 1C 06 17 06
21 06 6B 06 17 06 15 06 14 06 1D 06 17 06 37 06 23 06 32 06 3A 06 39 06 23 06 27 06 3E 06 42 06
36 06 24 06 2E 06 1D 06 76 06 6C 06 53 06 1B 06 E6 05 F1 05 2D 06 2D 06 1F 06 2B 06 2E 06 EB 05
27 06 1E 06 27 06 22 06 10 06 26 06 32 06 24 06 2E 06 1C 06 04 06 3C 06 00 06 E9 05 0C 06 03 06
39 06 0B 06 15 06 1F 06 09 06 4F 06 13 06 05 06 F6 05 1C 06 3A 06 17 06 05 06 24 06 1C 06 1D 06
35 06 0D 06 18 06 28 06 24 06 21 06 3B 06 3C 06 31 06 49 06 4F 06 56 06 52 06 56 06 44 06 44 06
56 06 4A 06 68 06 54 06 25 06 79 06 47 06 66 06 4D 06 40 06 23 06 6E 06 5E 06 68 06 53 06 52 06
5E 06 4A 06 3D 06 27 06 13 06 42 06 2C 06 24 06 1F 06 4C 06 35 06 24 06 39 06 1F 06 21 06 61 06
27 06 2D 06 32 06 2B 06 5E 06 37 06 27 06 24 06 41 06 2B 06 2C 06 3E 06 35 06 1F 06 29 06 27 06
31 06 48 06 39 06 45 06 4B 06 40 06 38 06 51 06 57 06 4E 06 20 06 58 06 62 06 56 06 52 06 4F 06
23 06 71 06 57 06 4E 06 78 06 6D 06 63 06 25 06 6F 06 50 06 55 06 59 06 52 06 67 06 62 06 50 06
42 06 5C 06 5E 06 5A 06 4C 06 3C 06 52 06 34 06 31 06 2C 06 34 06 60 06 2C 06 33 06 2B 06 2E 06
1E 06 52 06 17 06 2C 06 2E 06 23 06 1D 06 27 06 34 06 1E 06 09 06 0F 06 15 06 17 06 31 06 15 06
3D 06 4B 06 4F 06 43 06 61 06 66 06 5A 06 62 06 5B 06 5F 06 58 06 37 06 8E 06 72 06 74 06 6F 06
A0 06 8F 06 3F 06 8F 06 7D 06 73 06 7A 06 3B 06 6E 06 62 06 72 06 52 06 5E 06 67 06 6A 06 50 06
4A 06 3C 06 4C 06 54 06 1B 06 19 06 0F 06 18 06 52 06 27 06 29 06 1F 06 27 06 4D 06 5A 06 18 06
24 06 17 06 13 06 46 06 17 06 43 06 36 06 38 06 35 06 2F 06 81 06 28 06 3B 06 39 06 47 06 3A 06
5A 06 4B 06 4B 06 63 06 3C 06 5A 06 3A 06 3F 06 48 06 29 06 15 06 48 06 57 06 55 06 37 06 27 06
4F 06 41 06 53 06 5E 06 3D 06 53 06 5F 06 50 06 52 06 4E 06 5E 06 17 06 46 06 3A 06 46 06 2C 06
30 06 64 06 50 06 4D 06 40 06 41 06 3F 06 6A 06 4D 06 43 06 39 06 3F 06 3D 06 47 06 74 06 48 06
22 06 20 06 20 06 4C 06 D2 06 A4 06 5D 06 18 06 E4 05 44 06 6E 06 3B 06 33 06 3F 06 39 06 4D 06
56 06 76 06 6A 06 73 06 5E 06 7A 06 27 06 6E 06 58 06 68 06 6C 06 37 06 75 06 6B 06 61 06 83 06
7B 06 33 06 78 06 8F 06 77 06 7E 06 72 06 8A 06 67 06 67 06 62 06 50 06 60 06 3B 06 39 06 37 06
44 06 45 06 98 06 3D 06 3B 06 4B 06 55 06 88 06 2E 06 51 06 30 06 3A 06 79 06 47 06 1B 06 31 06
20 06 57 06 11 06 2D 06 29 06 27 06 2C 06 39 06 37 06 43 06 61 06 53 06 5F 06 67 06 5E 06 62 06
56 06 3E 06 5C 06 5C 06 2C 06 5E 06 58 06 55 06 5E 06 60 06 1B 06 5F 06 5B 06 67 06 5B 06 4A 06
4F 06 05 06 11 06 43 06 46 06 3B 06 57 06 3E 06 58 06 2C 06 28 06 19 06 09 06 5A 06 2D 06 24 06
39 06 3F 06 39 06 43 06 5E 06 2B 06 27 06 19 06 2A 06 6D 06 25 06 25 06 33 06 46 06 8B 06 35 06
33 06 2F 06 21 06 41 06 7B 06 43 06 2D 06 53 06 4B 06 5B 06 69 06 67 06 6E 06 5E 06 62 06 64 06
3F 06 52 06 70 06 78 06 6F 06 29 06 67 06 69 06 63 06 48 06 2B 06 5A 06 5B 06 5F 06 69 06 05 06
5B 06 4C 06 42 06 3B 06 57 06 15 06 46 06 1C 06 16 06 1C 06 63 06 21 06 31 06 31 06 35 06 77 06
45 06 4C 06 50 06 55 06 50 06 4B 06 77 06 2F 06 44 06 23 06 34 06 74 06 55 06 5F 06 6B 06 5D 06
95 06 54 06 71 06 51 06 59 06 4E 06 4E 06 5B 06 6B 06 62 06 6A 06 27 06 63 06 5A 06 42 06 60 06
39 06 4D 06 1D 06 53 06 52 06 5D 06 63 06 50 06 0F 06 53 06 4F 06 5D 06 58 06 5A 06 56 06 46 06
50 06 3E 06 42 06 44 06 3C 06 1B 06 28 06 2D 06 2D 06 28 06 78 06 49 06 37 06 33 06 41 06 7B 06
30 06 2B 06 37 06 30 06 68 06 63 06 1B 06 21 06 2F 06 20 06 68 06 2D 06 1B 06 27 06 1D 06 39 06
41 06 43 06 49 06 57 06 3B 06 53 06 4E 06 5E 06 62 06 6F 06 5E 06 2A 06 62 06 64 06 68 06 5D 06
27 06 5D 06 6D 06 71 06 79 06 3B 06 5F 06 82 06 78 06 88 06 66 06 24 06 66 06 74 06 77 06 6E 06
74 06 52 06 3C 06 54 06 5F 06 4D 06 35 06 16 06 D4 05 11 06 1D 06 1F 06 0E 06 12 06 46 06 29 06
F7 05 F7 05 FD 05 1A 06 FB 05 F7 05 06 06 F8 05 F5 05 FF 05 FB 05 10 06 EC 05 09 06 11 06 19 06
39 06 5A 06 28 06 27 06 37 06 37 06 15 06 0B 06 52 06 4C 06 52 06 4E 06 58 06 2B 06 6D 06 62 06
68 06 59 06 19 06 50 06 5F 06 53 06 3F 06 17 06 4A 06 5B 06 36 06 26 06 3E 06 46 06 26 06 1E 06
34 06 06 06 42 06 15 06 08 06 0B 06 ED 05 FB 05 3E 06 FF 05 FD 05 03 06 FB 05 14 06 47 06 14 06
1C 06 27 06 11 06 57 06 2C 06 20 06 15 06 35 06 20 06 79 06 3D 06 33 06 47 06 2F 06 59 06 6B 06
5B 06 75 06 4A 06 1D 06 53 06 44 06 60 06 4E 06 56 06 58 06 2B 06 72 06 7E 06 80 06 75 06 81 06
8B 06 39 06 82 06 83 06 72 06 6A 06 82 06 6E 06 81 06 85 06 6A 06 70 06 6E 06 72 06 4C 06 3E 06
45 06 49 06 8A 06 40 06 53 06 5D 06 55 06 7A 06 70 06 43 06 4B 06 4E 06 72 06 47 06 2B 06 1B 06
31 06 34 06 45 06 27 06 31 06 2D 06 41 06 39 06 3D 06 76 06 53 06 52 06 51 06 5B 06 5B 06 44 06
53 06 68 06 7A 06 5C 06 4E 06 29 06 50 06 4F 06 63 06 5D 06 58 06 69 06 3F 06 70 06 91 06 9A 06
8E 06 93 06 88 06 46 06 70 06 72 06 85 06 6B 06 7E 06 5E 06 7E 06 5C 06 5E 06 5C 06 65 06 94 06
55 06 77 06 57 06 63 06 57 06 63 06 82 06 36 06 27 06 2C 06 2D 06 4E 06 22 06 15 06 27 06 1C 06
1D 06 2F 06 45 06 2F 06 48 06 51 06 49 06 51 06 5D 06 52 06 69 06 71 06 55 06 43 06 32 06 68 06
08 06 26 06 12 07 D8 09 DC 08 D4 08 8E 09 B4 07 35 06 43 06 CD 05 41 02 B2 02 5F 02 2E 02 80 02
B5 02 66 03 AB 04 9A 06 64 08 E0 08 0E 0A B6 0A 64 0A 14 0A 53 0A ED 08 FC 07 B9 07 1B 07 4B 06
27 06 D7 05 71 05 2B 05 F9 04 91 04 42 04 4E 04 58 04 0A 04 51 04 9F 04 B4 04 FD 04 4F 05 1D 06
AD 06 48 07 C9 07 11 08 E8 07 83 07 37 07 63 07 DF 06 4D 06 16 06 7E 05 70 05 BB 05 82 05 B0 05
4E 06 66 06 BF 06 2E 07 5C 07 8F 07 45 07 18 07 E8 06 EF 06 6E 06 12 06 6C 05 AD 05 52 05 62 05
F7 05 38 06 97 06 D7 06 BC 06 0C 07 D4 06 0A 07 E3 06 91 06 D5 06 A8 06 50 06 9B 06 97 06 40 06
2E 06 D3 05 8A 05 3E 05 B2 05 91 05 71 05 BD 05 95 05 A4 05 0D 06 14 06 15 06 29 06 6F 06 DD 06
AD 06 D6 06 36 07 D3 06 08 07 E3 06 A3 06 C6 06 46 06 7E 06 82 06 5F 06 4C 06 4C 06 85 06 98 06
8D 06 6B 06 66 06 82 06 88 06 97 06 7A 06 4F 06 41 06 E7 05 09 06 13 06 1E 06 56 06 01 06 6B 06
66 06 77 06 6C 06 71 06 43 06 3C 06 2D 06 34 06 5D 06 92 06 67 06 73 06 49 06 4E 06 1E 06 15 06
0C 06 BC 05 F4 05 CA 05 EB 05 F7 05 16 06 F6 05 E7 05 15 06 0F 06 00 06 45 06 5C 06 9D 06 A9 06
D1 06 03 07 F8 06 CC 06 02 07 B6 06 C3 06 CA 06 5E 06 6A 06 1E 06 0C 06 28 06 EA 05 F8 05 B3 05
BF 05 F4 05 F3 05 F2 05 18 06 17 06 D9 05 0D 06 13 06 45 06 5C 06 66 06 7E 06 98 06 8E 06 A2 06
93 06 CE 06 9C 06 9D 06 7F 06 9F 06 73 06 23 06 2B 06 0B 06 DF 05 13 06 AF 05 C3 05 C4 05 B4 05
D4 05 D8 05 12 06 03 06 04 06 0F 06 21 06 07 06 34 06 20 06 48 06 41 06 41 06 56 06 43 06 6B 06
61 06 6B 06 56 06 79 06 7A 06 35 06 86 06 6C 06 4E 06 66 06 42 06 62 06 1C 06 5A 06 5F 06 65 06
4D 06 42 06 77 06 63 06 80 06 5F 06 70 06 66 06 72 06 7B 06 67 06 6E 06 6E 06 69 06 4C 06 58 06
55 06 55 06 82 06 78 06 4B 06 3B 06 3F 06 25 06 52 06 16 06 02 06 0C 06 0C 06 50 06 10 06 15 06
25 06 30 06 04 06 1E 06 52 06 FB 05 F7 05 F5 05 08 06 08 06 F7 05 04 06 36 06 4F 06 81 06 81 06
7D 06 BA 06 B2 06 B6 06 A6 06 96 06 8C 06 42 06 47 06 53 06 3E 06 23 06 28 06 11 06 DB 05 1F 06
3E 06 40 06 4D 06 3F 06 3E 06 4A 06 44 06 66 06 46 06 52 06 6A 06 48 06 3C 06 6D 06 85 06 D9 06
9C 06 91 06 7D 06 63 06 84 06 25 06 05 06 F7 05 F1 05 06 06 24 06 D0 05 D0 05 D7 05 DC 05 14 06
DC 05 D1 05 E1 05 F5 05 31 06 34 06 8B 06 59 06 63 06 A3 06 B1 06 9B 06 BB 06 CE 06 C2 06 A2 06
39 06 58 06 34 06 16 06 0C 06 D3 05 06 06 22 06 37 06 3B 06 35 06 07 06 67 06 6F 06 5F 06 60 06
4E 06 53 06 67 06 6E 06 74 06 84 06 77 06 3F 06 6E 06 54 06 4A 06 50 06 40 06 79 06 40 06 29 06
1D 06 0B 06 13 06 49 06 07 06 1B 06 F7 05 1E 06 1C 06 1D 06 57 06 4D 06 35 06 2D 06 41 06 2D 06
37 06 69 06 37 06 38 06 2D 06 39 06 29 06 17 06 1E 06 1B 06 33 06 27 06 3E 06 F7 05 4B 06 44 06
66 06 52 06 29 06 71 06 79 06 7E 06 6A 06 43 06 19 06 38 06 37 06 3F 06 22 06 D9 05 30 06 36 06
36 06 35 06 44 06 5A 06 3D 06 5C 06 66 06 64 06 40 06 31 06 62 06 51 06 11 06 09 06 11 06 15 06
44 06 1D 06 31 06 3A 06 51 06 89 06 52 06 4B 06 37 06 35 06 2E 06 14 06 18 06 0C 06 05 06 04 06
14 06 17 06 21 06 2B 06 47 06 6B 06 3D 06 7B 06 76 06 76 06 7A 06 2F 06 12 06 5A 06 4E 06 52 06
3C 06 07 06 37 06 3B 06 32 06 39 06 0B 06 3A 06 37 06 46 06 63 06 56 06 73 06 77 06 9E 06 9E 06
90 06 9E 06 A4 06 8C 06 88 06 71 06 5B 06 8A 06 40 06 23 06 0D 06 FF 05 3A 06 26 06 E9 05 E9 05
E9 05 F7 05 3C 06 1E 06 1F 06 37 06 51 06 84 06 7D 06 8D 06 83 06 6F 06 75 06 5C 06 9F 06 6E 06
31 06 23 06 33 06 2B 06 3F 06 4C 06 52 06 72 06 7A 06 7B 06 35 06 60 06 58 06 4C 06 51 06 65 06
4A 06 4E 06 63 06 6D 06 6B 06 67 06 5B 06 91 06 91 06 92 06 9B 06 57 06 AB 06 A4 06 9F 06 7E 06
67 06 40 06 4C 06 38 06 27 06 1D 06 59 06 25 06 31 06 27 06 23 06 17 06 1F 06 72 06 2A 06 1C 06
0F 06 1C 06 7A 06 45 06 4C 06 64 06 64 06 8C 06 83 06 6F 06 6F 06 55 06 71 06 39 06 2D 06 3D 06
31 06 1A 06 4E 06 57 06 66 06 66 06 7A 06 55 06 61 06 A0 06 96 06 9D 06 6F 06 9A 06 99 06 88 06
72 06 8A 06 81 06 58 06 7F 06 71 06 80 06 72 06 8E 06 82 06 5F 06 67 06 5E 06 4F 06 7F 06 5C 06
4C 06 3B 06 7E 06 80 06 6D 06 73 06 5F 06 4B 06 7A 06 57 06 52 06 33 06 33 06 23 06 24 06 58 06
15 06 14 06 21 06 2C 06 37 06 7E 06 4C 06 4F 06 6C 06 70 06 6B 06 5F 06 7D 06 72 06 83 06 73 06
77 06 6E 06 34 06 48 06 3E 06 2A 06 3E 06 F6 05 33 06 3C 06 45 06 6E 06 45 06 8D 06 94 06 8B 06
9B 06 64 06 89 06 9F 06 92 06 8A 06 72 06 5A 06 53 06 37 06 1A 06 0C 06 25 06 F4 05 F1 05 E9 05
F1 05 20 06 EB 05 FD 05 F7 05 03 06 17 06 53 06 13 06 20 06 2E 06 38 06 2C 06 65 06 37 06 2B 06
20 06 2C 06 79 06 40 06 34 06 31 06 45 06 3D 06 72 06 51 06 46 06 42 06 49 06 1D 06 42 06 4E 06
43 06 48 06 4A 06 54 06 1F 06 69 06 59 06 60 06 7A 06 6E 06 81 06 43 06 82 06 8B 06 7F 06 7B 06
59 06 73 06 66 06 4E 06 52 06 49 06 33 06 36 06 39 06 24 06 14 06 0D 06 01 06 08 06 0D 06 12 06
1F 06 2F 06 43 06 7A 06 70 06 53 06 4B 06 51 06 4E 06 58 06 82 06 4E 06 45 06 3C 06 24 06 2D 06
15 06 15 06 05 06 0C 06 41 06 18 06 15 06 13 06 26 06 05 06 21 06 3B 06 56 06 5A 06 56 06 23 06
60 06 66 06 6A 06 66 06 65 06 67 06 20 06 6C 06 5F 06 68 06 63 06 6E 06 6A 06 2A 06 63 06 5B 06
56 06 6B 06 56 06 74 06 6B 06 5E 06 4E 06 5E 06 5C 06 77 06 37 06 34 06 34 06 25 06 5E 06 33 06
43 06 3C 06 49 06 78 06 53 06 36 06 24 06 2C 06 35 06 61 06 11 06 20 06 24 06 1C 06 39 06 29 06
3C 06 49 06 49 06 59 06 41 06 50 06 58 06 4B 06 57 06 52 06 23 06 44 06 54 06 46 06 4E 06 18 06
48 06 5F 06 62 06 6D 06 21 06 5C 06 68 06 6E 06 73 06 2C 06 83 06 89 06 8D 06 9A 06 96 06 72 06
67 06 5D 06 4B 06 3E 06 20 06 24 06 FF 05 FF 05 00 06 00 06 08 06 46 06 1F 06 35 06 41 06 4B 06
72 06 47 06 4E 06 44 06 47 06 88 06 37 06 37 06 46 06 34 06 44 06 6F 06 13 06 21 06 29 06 28 06
19 06 13 06 35 06 2F 06 51 06 4B 06 63 06 70 06 78 06 72 06 74 06 6C 06 34 06 6C 06 70 06 90 06
89 06 45 06 8B 06 98 06 A0 06 83 06 10 06 0E 06 D1 05 FB 05 FB 05 F4 05 B4 05 FF 05 10 06 36 06
6A 06 92 06 7C 06 7D 06 95 06 7D 06 7C 06 58 06 6E 06 2D 06 23 06 FB 05 FF 05 2B 06 FB 05 1B 06
22 06 47 06 70 06 45 06 60 06 53 06 64 06 65 06 59 06 47 06 39 06 24 06 1F 06 53 06 03 06 03 06
08 06 10 06 F0 05 FF 05 06 06 12 06 22 06 08 06 CF 05 02 06 06 06 0A 06 FD 05 07 06 DF 05 24 06
3C 06 40 06 39 06 1F 06 4F 06 51 06 58 06 50 06 05 06 51 06 46 06 3C 06 37 06 64 06 24 06 4C 06
54 06 5E 06 59 06 97 06 5C 06 5F 06 5B 06 67 06 9D 06 54 06 3A 06 3F 06 30 06 30 06 36 06 5A 06
1B 06 1F 06 16 06 24 06 40 06 1D 06 1D 06 19 06 24 06 51 06 11 06 11 06 1D 06 20 06 FC 05 32 06
13 06 06 06 22 06 16 06 CD 05 F2 05 06 06 FE 05 0C 06 12 06 20 06 FF 05 46 06 5A 06 59 06 68 06
7E 06 41 06 73 06 7A 06 7E 06 82 06 73 06 6B 06 60 06 42 06 3A 06 40 06 26 06 26 06 3D 06 24 06
00 06 18 06 08 06 6E 06 33 06 1D 06 15 06 53 06 1F 06 17 06 24 06 2C 06 22 06 59 06 5E 06 33 06
2D 06 20 06 1C 06 5F 06 2D 06 20 06 19 06 F9 05 18 06 4E 06 17 06 28 06 31 06 1B 06 46 06 21 06
68 06 52 06 66 06 7E 06 96 06 9C 06 75 06 88 06 AC 06 AF 06 A3 06 61 06 88 06 79 06 7F 06 7A 06
6A 06 66 06 52 06 66 06 67 06 60 06 5E 06 60 06 53 06 52 06 4C 06 5C 06 63 06 6E 06 48 06 51 06
54 06 9E 06 76 06 51 06 4D 06 53 06 43 06 8A 06 4C 06 3F 06 2E 06 33 06 45 06 45 06 7B 06 48 06
3D 06 3B 06 55 06 68 06 4F 06 48 06 65 06 57 06 6B 06 42 06 49 06 43 06 46 06 15 06 29 06 4A 06
46 06 52 06 24 06 34 06 7F 06 75 06 A0 06 98 06 61 06 98 06 8A 06 9F 06 93 06 9A 06 98 06 47 06
83 06 8A 06 76 06 76 06 6A 06 46 06 46 06 48 06 50 06 6D 06 29 06 2D 06 24 06 35 06 6F 06 41 06
3F 06 2B 06 41 06 7C 06 6E 06 37 06 47 06 34 06 35 06 74 06 34 06 43 06 37 06 34 06 31 06 2C 06
21 06 27 06 34 06 4D 06 59 06 2D 06 47 06 31 06 1F 06 4A 06 26 06 58 06 62 06 72 06 7E 06 4D 06
80 06 79 06 6C 06 61 06 6F 06 37 06 65 06 5F 06 57 06 66 06 4B 06 68 06 59 06 63 06 62 06 6E 06
62 06 37 06 67 06 50 06 4E 06 4C 06 44 06 33 06 1C 06 29 06 2D 06 1F 06 2D 06 6F 06 37 06 2D 06
29 06 25 06 62 06 46 06 17 06 2A 06 26 06 1B 06 24 06 4C 06 2F 06 24 06 39 06 27 06 2C 06 3D 06
3D 06 3B 06 3B 06 4C 06 1C 06 3F 06 46 06 43 06 3F 06 2D 06 4A 06 4F 06 60 06 46 06 58 06 68 06
25 06 5E 06 67 06 5B 06 5D 06 5B 06 1C 06 3B 06 5A 06 58 06 66 06 80 06 26 07 FA 07 0A 07 41 05
C0 04 D4 05 66 06 40 06 6C 05 55 04 85 04 41 05 6D 05 C1 05 5F 06 4B 06 29 07 14 08 43 07 17 06
F6 05 17 07 2E 08 56 08 8B 07 41 06 F6 05 1D 06 75 06 2F 06 79 05 09 05 1D 05 8F 05 7D 05 C1 05
DC 05 D8 05 D7 05 57 06 81 06 16 06 B2 05 FF 05 A9 06 60 07 04 07 5A 06 13 06 19 06 20 06 AE 06
C8 06 6D 06 43 06 CF 05 CF 05 A3 05 88 05 DB 05 54 06 84 06 A6 06 4E 06 FE 05 F1 05 F6 05 7A 06
C8 06 9A 06 3D 06 67 06 75 06 CD 06 C9 06 BF 06 D1 06 E5 06 1B 07 BC 06 80 06 13 06 BE 05 4A 06
94 06 9B 06 55 06 E7 05 FE 05 AB 05 99 05 AF 05 09 06 FF 05 33 06 38 06 49 06 61 06 BB 06 BA 06
6A 06 63 06 6F 06 66 06 6A 06 9A 06 B9 06 C8 06 4A 06 E8 05 E5 05 B5 05 0B 06 0C 06 D2 05 C8 05
71 05 9F 05 C7 05 16 06 0E 06 FF 05 73 06 9A 06 7E 06 6C 06 71 06 A7 06 B6 06 CC 06 A4 06 74 06
34 06 3C 06 4F 06 7D 06 93 06 C6 06 65 06 2F 06 19 06 22 06 36 06 42 06 5C 06 44 06 70 06 71 06
51 06 4C 06 20 06 3F 06 5D 06 2C 06 13 06 ED 05 10 06 4F 06 73 06 47 06 31 06 13 06 F9 05 EB 05
EE 05 E6 05 5A 06 4E 06 3C 06 2A 06 2C 06 4D 06 49 06 9B 06 7B 06 60 06 58 06 61 06 2F 06 6F 06
5E 06 4F 06 40 06 58 06 56 06 5A 06 4B 06 47 06 36 06 60 06 8E 06 93 06 72 06 7D 06 51 06 34 06
41 06 39 06 43 06 41 06 65 06 35 06 24 06 2A 06 FB 05 3C 06 72 06 8A 06 73 06 6F 06 37 06 3E 06
49 06 69 06 83 06 74 06 2F 06 1C 06 09 06 F9 05 3F 06 28 06 1B 06 03 06 07 06 ED 05 24 06 5E 06
54 06 36 06 3C 06 09 06 52 06 58 06 73 06 7F 06 6F 06 61 06 33 06 88 06 93 06 93 06 72 06 39 06
39 06 5E 06 76 06 7E 06 5C 06 53 06 50 06 67 06 54 06 51 06 66 06 39 06 3F 06 38 06 83 06 5B 06
3F 06 45 06 33 06 E7 05 22 06 F7 05 01 06 F0 05 FF 05 16 06 03 06 EC 05 E4 05 D5 05 DC 05 FD 05
2D 06 34 06 38 06 31 06 49 06 59 06 4B 06 41 06 41 06 56 06 47 06 52 06 56 06 3A 06 3E 06 29 06
50 06 62 06 58 06 4F 06 65 06 3C 06 8C 06 8D 06 B9 06 B6 06 C7 06 86 06 36 06 73 06 82 06 83 06
7E 06 42 06 24 06 33 06 32 06 26 06 2F 06 04 06 14 06 FC 05 0C 06 4A 06 09 06 FD 05 17 06 1B 06
7B 06 49 06 33 06 14 06 FB 05 17 06 74 06 53 06 51 06 1D 06 00 06 CE 05 EB 05 56 06 2F 06 40 06
31 06 08 06 05 06 17 06 0D 06 06 06 32 06 3D 06 5A 06 36 06 FF 05 0F 06 6C 06 AA 06 D3 06 98 06
63 06 6B 06 83 06 9A 06 5B 06 7D 06 68 06 7E 06 6B 06 53 06 37 06 32 06 3A 06 3E 06 52 06 18 06
3F 06 27 06 3C 06 2E 06 37 06 43 06 47 06 53 06 31 06 2B 06 5E 06 23 06 2F 06 4E 06 51 06 35 06
27 06 56 06 1D 06 34 06 30 06 2B 06 02 06 E5 05 F1 05 EB 05 F9 05 F9 05 18 06 09 06 0C 06 0B 06
1B 06 1F 06 3A 06 6B 06 50 06 46 06 7C 06 6A 06 66 06 66 06 72 06 41 06 64 06 64 06 60 06 58 06
07 06 26 06 51 06 48 06 5F 06 40 06 58 06 3F 06 62 06 6A 06 82 06 8A 06 92 06 8B 06 7B 06 54 06
54 06 57 06 77 06 3C 06 41 06 45 06 25 06 63 06 1B 06 13 06 37 06 37 06 6B 06 27 06 30 06 22 06
20 06 13 06 17 06 5F 06 41 06 0D 06 15 06 13 06 21 06 35 06 4D 06 38 06 4D 06 5D 06 69 06 51 06
5B 06 7B 06 7F 06 7A 06 72 06 6A 06 20 06 60 06 60 06 5C 06 5A 06 1D 06 61 06 72 06 6B 06 6D 06
2C 06 73 06 73 06 8F 06 93 06 80 06 6E 06 5A 06 5B 06 68 06 5B 06 46 06 4A 06 3C 06 2C 06 1D 06
17 06 21 06 36 06 29 06 2D 06 3B 06 37 06 3D 06 73 06 41 06 37 06 27 06 36 06 34 06 60 06 1F 06
17 06 20 06 25 06 1A 06 5B 06 17 06 15 06 11 06 34 06 58 06 39 06 4D 06 4B 06 52 06 47 06 20 06
62 06 6A 06 4E 06 58 06 1B 06 0C 06 60 06 64 06 5D 06 4F 06 2F 06 5E 06 68 06 49 06 5F 06 39 06
6E 06 56 06 58 06 65 06 52 06 3A 06 56 06 43 06 57 06 47 06 3E 06 58 06 40 06 35 06 4A 06 39 06
74 06 45 06 4B 06 3F 06 3D 06 78 06 7D 06 40 06 33 06 24 06 23 06 30 06 24 06 2F 06 3D 06 34 06
45 06 24 06 27 06 1F 06 2D 06 17 06 44 06 66 06 21 06 19 06 50 06 40 06 59 06 63 06 57 06 3A 06
3A 06 3C 06 3A 06 FC 05 48 06 4F 06 5B 06 52 06 4A 06 43 06 23 06 62 06 56 06 5E 06 5E 06 4B 06
63 06 73 06 63 06 56 06 28 06 7B 06 5F 06 4E 06 40 06 5C 06 39 06 4D 06 29 06 29 06 2C 06 86 06
5F 06 39 06 2F 06 2B 06 37 06 41 06 77 06 34 06 2C 06 24 06 29 06 3F 06 67 06 27 06 28 06 3D 06
41 06 3D 06 40 06 2C 06 3D 06 3D 06 47 06 45 06 3A 06 43 06 67 06 63 06 66 06 62 06 39 06 62 06
6E 06 54 06 60 06 1B 06 68 06 7F 06 6A 06 6B 06 23 06 2F 06 5F 06 6A 06 63 06 5F 06 24 06 6A 06
5E 06 67 06 4E 06 61 06 56 06 52 06 4E 06 3C 06 44 06 45 06 58 06 2C 06 41 06 3F 06 3B 06 73 06
41 06 2F 06 2B 06 1B 06 54 06 27 06 2E 06 1B 06 1B 06 72 06 54 06 28 06 27 06 2F 06 37 06 72 06
39 06 3C 06 40 06 47 06 47 06 65 06 5F 06 61 06 63 06 72 06 7E 06 44 06 86 06 64 06 4C 06 58 06
65 06 65 06 28 06 57 06 73 06 7D 06 61 06 14 06 76 06 67 06 69 06 80 06 83 06 73 06 6E 06 72 06
74 06 73 06 7A 06 66 06 3C 06 3C 06 40 06 39 06 76 06 38 06 15 06 11 06 2B 06 56 06 42 06 09 06
13 06 1B 06 16 06 42 06 06 06 23 06 31 06 37 06 1C 06 25 06 76 06 2F 06 37 06 47 06 48 06 49 06
76 06 44 06 49 06 63 06 78 06 67 06 51 06 1E 06 46 06 6A 06 5C 06 0E 06 0E 06 5E 06 64 06 67 06
7F 06 82 06 49 06 9F 06 A6 06 8B 06 92 06 79 06 93 06 92 06 82 06 74 06 3D 06 47 06 69 06 53 06
47 06 7E 06 6C 06 48 06 3F 06 49 06 44 06 6F 06 2B 06 43 06 47 06 47 06 3D 06 32 06 66 06 38 06
2E 06 3A 06 39 06 27 06 2D 06 71 06 2C 06 20 06 37 06 3D 06 39 06 4F 06 31 06 3D 06 27 06 52 06
43 06 25 06 59 06 55 06 66 06 66 06 1F 06 5F 06 73 06 56 06 74 06 47 06 70 06 58 06 6F 06 72 06
73 06 32 06 7F 06 66 06 5F 06 66 06 6A 06 67 06 66 06 56 06 6A 06 55 06 5D 06 29 06 36 06 34 06
3C 06 2C 06 31 06 6F 06 4C 06 2C 06 29 06 2B 06 3D 06 63 06 31 06 29 06 25 06 1E 06 1C 06 FF 05
1C 06 04 06 F7 05 FC 05 14 06 09 06 13 06 1F 06 28 06 30 06 29 06 29 06 1D 06 3B 06 4A 06 40 06
0B 06 43 06 42 06 5A 06 4D 06 21 06 38 06 57 06 5C 06 50 06 17 06 57 06 4E 06 64 06 70 06 2B 06
5E 06 47 06 66 06 56 06 68 06 5B 06 5A 06 56 06 46 06 50 06 57 06 5A 06 32 06 34 06 21 06 23 06
3F 06 5B 06 1C 06 1B 06 1B 06 1B 06 45 06 24 06 17 06 27 06 24 06 51 06 0E 06 27 06 21 06 20 06
20 06 14 06 53 06 42 06 14 06 20 06 18 06 28 06 19 06 59 06 27 06 43 06 58 06 43 06 17 06 52 06
52 06 4A 06 4E 06 3E 06 4E 06 0F 06 40 06 44 06 53 06 4A 06 15 06 4F 06 4B 06 5F 06 6B 06 14 06
5F 06 58 06 52 06 42 06 44 06 14 06 35 06 4B 06 4E 06 36 06 35 06 34 06 19 06 0D 06 0F 06 33 06
0B 06 53 06 F9 05 19 06 1F 06 2B 06 53 06 19 06 07 06 FC 05 FD 05 3A 06 1B 06 07 06 0C 06 21 06
61 06 17 06 19 06 15 06 21 06 0B 06 66 06 33 06 36 06 20 06 4F 06 14 06 47 06 4A 06 56 06 3E 06
25 06 60 06 4E 06 41 06 60 06 60 06 4B 06 24 06 4D 06 42 06 5F 06 48 06 3B 06 5F 06 5B 06 5A 06
6B 06 25 06 61 06 5B 06 57 06 67 06 57 06 78 06 64 06 4C 06 30 06 41 06 63 06 49 06 39 06 3B 06
2B 06 23 06 23 06 8A 06 47 06 4E 06 4E 06 34 06 07 06 66 06 26 06 2F 06 3C 06 43 06 3D 06 35 06
31 06 29 06 4D 06 4D 06 51 06 59 06 67 06 53 06 5F 06 72 06 6F 06 47 06 7A 06 70 06 74 06 72 06
24 06 60 06 71 06 76 06 62 06 29 06 48 06 80 06 82 06 86 06 70 06 2B 06 74 06 7E 06 7A 06 90 06
76 06 73 06 67 06 67 06 64 06 7C 06 7B 06 3C 06 2D 06 1F 06 30 06 3C 06 73 06 35 06 3B 06 40 06
43 06 78 06 3E 06 3C 06 3C 06 46 06 99 06 5E 06 4E 06 64 06 4C 06 45 06 86 06 41 06 44 06 51 06
59 06 45 06 4B 06 5D 06 6B 06 63 06 67 06 7C 06 2E 06 7E 06 68 06 7A 06 7C 06 34 06 76 06 75 06
6E 06 64 06 31 06 6A 06 7D 06 8B 06 7B 06 34 06 39 06 83 06 72 06 73 06 61 06 80 06 6D 06 62 06
60 06 54 06 8D 06 54 06 57 06 41 06 50 06 40 06 6D 06 34 06 43 06 37 06 35 06 35 06 7A 06 2B 06
30 06 2E 06 1C 06 5E 06 2E 06 3C 06 34 06 71 06 31 06 2F 06 29 06 28 06 34 06 3C 06 39 06 49 06
3F 06 5E 06 5B 06 3F 06 67 06 60 06 5E 06 6E 06 72 06 66 06 39 06 7A 06 7D 06 7F 06 7E 06 81 06
88 06 47 06 6D 06 70 06 7F 06 7F 06 59 06 5A 06 62 06 62 06 5F 06 5E 06 5B 06 4C 06 3E 06 34 06
34 06 28 06 4F 06 1B 06 14 06 0F 06 1B 06 58 06 4F 06 17 06 29 06 11 06 46 06 54 06 0E 06 14 06
0E 06 05 06 2C 06 0D 06 10 06 20 06 15 06 1F 06 07 06 51 06 18 06 21 06 21 06 25 06 33 06 13 06
19 06 3F 06 52 06 4A 06 46 06 13 06 44 06 56 06 5C 06 51 06 48 06 1F 06 5E 06 5A 06 69 06 4B 06
4B 06 23 06 53 06 4F 06 4F 06 52 06 3E 06 56 06 5E 06 3B 06 4F 06 33 06 58 06 4E 06 44 06 28 06
21 06 37 06 2D 06 37 06 3F 06 3F 06 72 06 29 06 26 06 15 06 23 06 52 06 14 06 1C 06 29 06 13 06
0C 06 1C 06 2C 06 27 06 17 06 25 06 2C 06 39 06 38 06 43 06 3F 06 39 06 54 06 3B 06 49 06 47 06
4A 06 56 06 15 06 5A 06 60 06 52 06 54 06 17 06 51 06 53 06 68 06 6D 06 69 06 74 06 1F 06 4E 06
5F 06 6F 06 6B 06 7B 06 93 06 41 06 60 06 32 06 32 06 3C 06 6F 06 46 06 41 06 30 06 2D 06 29 06
24 06 5C 06 6A 06 21 06 29 06 27 06 1D 06 29 06 56 06 17 06 1E 06 1F 06 23 06 3E 06 1C 06 14 06
28 06 25 06 33 06 25 06 23 06 33 06 35 06 39 06 36 06 33 06 51 06 53 06 62 06 66 06 20 06 32 06
6F 06 6E 06 80 06 7C 06 4D 06 7C 06 79 06 7E 06 77 06 51 06 83 06 89 06 7F 06 7A 06 7B 06 81 06
41 06 3C 06 77 06 76 06 78 06 70 06 63 06 31 06 54 06 4C 06 4F 06 49 06 75 06 35 06 3C 06 3F 06
3D 06 3F 06 35 06 7E 06 41 06 33 06 34 06 66 06 34 06 2B 06 17 06 27 06 34 06 79 06 35 06 3D 06
3B 06 40 06 4C 06 7A 06 49 06 48 06 49 06 5A 06 35 06 63 06 63 06 72 06 6E 06 64 06 6A 06 31 06
64 06 68 06 54 06 68 06 68 06 29 06 6A 06 61 06 61 06 4F 06 6F 06 41 06 69 06 63 06 63 06 76 06
66 06 52 06 5A 06 57 06 4E 06 44 06 4C 06 5E 06 2F 06 33 06 2C 06 25 06 5B 06 29 06 1B 06 1B 06
1C 06 6F 06 6A 06 2A 06 30 06 34 06 2C 06 46 06 17 06 18 06 24 06 1E 06 19 06 4F 06 15 06 17 06
28 06 29 06 29 06 48 06 58 06 45 06 49 06 53 06 46 06 5A 06 4E 06 5A 06 56 06 56 06 51 06 1B 06
58 06 57 06 56 06 4E 06 63 06 5B 06 33 06 5B 06 53 06 4F 06 4A 06 3E 06 4A 06 4A 06 42 06 37 06
1D 06 3A 06 26 06 24 06 1C 06 3E 06 09 06 10 06 09 06 09 06 0B 06 43 06 19 06 1D 06 1B 06 03 06
FF 05 06 06 4E 06 0D 06 09 06 01 06 0C 06 24 06 20 06 05 06 07 06 13 06 21 06 18 06 19 06 29 06
32 06 32 06 18 06 30 06 47 06 3F 06 0C 06 03 06 34 06 52 06 54 06 52 06 09 06 4D 06 49 06 46 06
4F 06 19 06 58 06 50 06 5A 06 5F 06 5B 06 4B 06 5B 06 56 06 52 06 5A 06 4B 06 44 06 36 06 24 06
2C 06 2E 06 47 06 26 06 1C 06 1D 06 18 06 09 06 46 06 05 06 0F 06 1D 06 1F 06 52 06 12 06 1C 06
1C 06 1F 06 42 06 04 06 07 06 14 06 14 06 1D 06 05 06 25 06 24 06 1D 06 23 06 33 06 1F 06 33 06
3B 06 45 06 5E 06 31 06 5B 06 5E 06 56 06 3A 06 2A 06 2C 06 58 06 4C 06 57 06 63 06 29 06 61 06
68 06 6A 06 6A 06 6F 06 5B 06 2D 06 82 06 7A 06 6A 06 64 06 68 06 5F 06 6C 06 4C 06 4E 06 62 06
44 06 33 06 2C 06 31 06 56 06 2B 06 4B 06 39 06 41 06 71 06 45 06 3B 06 4C 06 3E 06 46 06 6B 06
3C 06 27 06 34 06 3C 06 2D 06 3B 06 7F 06 38 06 48 06 48 06 33 06 1C 06 47 06 43 06 41 06 4B 06
26 06 72 06 62 06 66 06 6A 06 45 06 6E 06 6D 06 69 06 69 06 39 06 35 06 6B 06 6B 06 7F 06 6B 06
58 06 82 06 76 06 6A 06 70 06 66 06 62 06 29 06 5E 06 52 06 56 06 3C 06 68 06 4C 06 30 06 35 06
35 06 73 06 35 06 3B 06 47 06 3B 06 6D 06 39 06 1B 06 34 06 29 06 44 06 61 06 23 06 23 06 20 06
31 06 48 06 29 06 2D 06 2F 06 31 06 38 06 41 06 3D 06 48 06 4B 06 50 06 6F 06 27 06 72 06 6E 06
6C 06 6F 06 30 06 6E 06 78 06 70 06 86 06 51 06 38 06 6F 06 72 06 79 06 65 06 3A 06 7A 06 78 06
89 06 7A 06 72 06 74 06 7A 06 6B 06 6E 06 38 06 54 06 4C 06 58 06 3F 06 33 06 53 06 7F 06 39 06
39 06 4B 06 4B 06 88 06 47 06 33 06 31 06 3A 06 83 06 3F 06 3B 06 2D 06 37 06 40 06 73 06 2D 06
37 06 3F 06 34 06 40 06 3F 06 41 06 3F 06 3D 06 53 06 5B 06 5C 06 66 06 56 06 4E 06 54 06 60 06
2B 06 54 06 58 06 69 06 55 06 5B 06 3D 06 6F 06 6B 06 66 06 70 06 6F 06 66 06 2F 06 70 06 5E 06
5F 06 56 06 56 06 61 06 46 06 46 06 3C 06 57 06 30 06 2B 06 20 06 1D 06 5A 06 57 06 1B 06 1F 06
1F 06 14 06 46 06 01 06 1D 06 16 06 1F 06 4A 06 1D 06 1C 06 20 06 2C 06 1D 06 0F 06 14 06 11 06
09 06 20 06 38 06 13 06 33 06 4E 06 4B 06 16 06 52 06 4E 06 56 06 52 06 58 06 1B 06 18 06 65 06
64 06 5F 06 68 06 27 06 4F 06 5B 06 5B 06 66 06 3B 06 68 06 63 06 5A 06 62 06 62 06 5C 06 31 06
2B 06 62 06 52 06 4E 06 44 06 31 06 2D 06 2F 06 1F 06 29 06 2F 06 5F 06 23 06 23 06 23 06 1F 06
17 06 5E 06 26 06 3E 06 47 06 37 06 2D 06 1C 06 1C 06 31 06 3C 06 39 06 72 06 34 06 48 06 43 06
4F 06 2C 06 63 06 4B 06 5F 06 60 06 66 06 32 06 34 06 56 06 6A 06 4E 06 5A 06 61 06 2F 06 6D 06
61 06 62 06 6F 06 39 06 6E 06 6E 06 6F 06 59 06 79 06 70 06 70 06 5E 06 6A 06 39 06 73 06 54 06
5C 06 48 06 6D 06 3D 06 37 06 34 06 31 06 2F 06 5F 06 2F 06 3B 06 3B 06 3A 06 73 06 3A 06 44 06
47 06 47 06 3B 06 47 06 6E 06 4F 06 48 06 57 06 4D 06 3D 06 44 06 48 06 3D 06 49 06 60 06 50 06
5B 06 5B 06 63 06 34 06 5E 06 72 06 72 06 72 06 8A 06 44 06 78 06 77 06 7A 06 76 06 7C 06 78 06
37 06 73 06 77 06 72 06 78 06 67 06 71 06 76 06 6B 06 6A 06 64 06 6A 06 73 06 66 06 68 06 71 06
76 06 45 06 45 06 62 06 4C 06 43 06 43 06 43 06 4C 06 4F 06 82 06 50 06 52 06 4E 06 44 06 60 06
39 06 3F 06 4F 06 49 06 4F 06 57 06 5D 06 4F 06 4F 06 48 06 48 06 63 06 7F 06 68 06 6F 06 6F 06
6F 06 87 06 70 06 66 06 6D 06 6A 06 6E 06 6C 06 43 06 68 06 71 06 7B 06 6F 06 6B 06 49 06 7A 06
77 06 77 06 71 06 30 06 6A 06 7E 06 72 06 6B 06 6A 06 2F 06 53 06 54 06 44 06 44 06 60 06 29 06
21 06 28 06 25 06 1B 06 11 06 46 06 15 06 25 06 19 06 1E 06 27 06 2E 06 56 06 20 06 20 06 17 06
16 06 31 06 29 06 0F 06 0F 06 0C 06 21 06 21 06 46 06 25 06 3B 06 3F 06 41 06 4E 06 56 06 5B 06
58 06 52 06 54 06 52 06 1C 06 5A 06 58 06 5D 06 4B 06 5C 06 5F 06 2F 06 63 06 5E 06 57 06 53 06
41 06 5B 06 57 06 56 06 56 06 24 06 42 06 3E 06 40 06 44 06 28 06 25 06 11 06 1B 06 1D 06 23 06
63 06 2D 06 15 06 1D 06 23 06 17 06 1B 06 4C 06 0C 06 0F 06 1D 06 11 06 14 06 08 06 47 06 05 06
13 06 07 06 17 06 14 06 1D 06 1D 06 49 06 33 06 39 06 2B 06 07 06 4B 06 3D 06 38 06 3A 06 07 06
4E 06 4A 06 44 06 54 06 2B 06 49 06 53 06 4F 06 4F 06 58 06 29 06 53 06 59 06 58 06 5E 06 52 06
53 06 42 06 4A 06 6A 06 5E 06 42 06 18 06 0C 06 0D 06 2C 06 15 06 15 06 44 06 1B 06 11 06 1B 06
0B 06 11 06 61 06 17 06 19 06 14 06 12 06 13 06 57 06 0C 06 17 06 20 06 20 06 0C 06 19 06 19 06
16 06 29 06 25 06 1B 06 25 06 35 06 49 06 4B 06 24 06 30 06 52 06 52 06 5B 06 54 06 1C 06 56 06
61 06 5D 06 4F 06 1D 06 66 06 69 06 71 06 5F 06 3E 06 6A 06 69 06 79 06 82 06 76 06 7C 06 78 06
80 06 6E 06 73 06 62 06 7B 06 54 06 48 06 45 06 4C 06 7E 06 81 06 45 06 43 06 47 06 41 06 39 06
3B 06 45 06 56 06 42 06 7D 06 45 06 3F 06 40 06 3C 06 44 06 44 06 8A 06 76 06 37 06 4D 06 49 06
4B 06 5B 06 88 06 61 06 61 06 69 06 6E 06 5C 06 7E 06 72 06 6E 06 78 06 74 06 72 06 2F 06 69 06
73 06 7F 06 84 06 49 06 8C 06 7B 06 86 06 8A 06 39 06 86 06 8A 06 7E 06 7A 06 84 06 45 06 67 06
54 06 5E 06 48 06 7C 06 3D 06 41 06 3D 06 41 06 7B 06 45 06 43 06 3D 06 3D 06 31 06 33 06 63 06
26 06 2C 06 2B 06 33 06 56 06 37 06 25 06 1C 06 29 06 70 06 25 06 29 06 2C 06 2B 06 27 06 62 06
43 06 49 06 57 06 43 06 24 06 5E 06 52 06 4E 06 4C 06 24 06 56 06 53 06 61 06 62 06 63 06 58 06
31 06 5B 06 5C 06 63 06 5F 06 46 06 5B 06 5A 06 5A 06 5A 06 21 06 42 06 5B 06 4A 06 54 06 5D 06
31 06 1B 06 1D 06 21 06 20 06 5B 06 1D 06 19 06 11 06 1F 06 13 06 1F 06 54 06 20 06 18 06 1F 06
19 06 4E 06 1C 06 21 06 2D 06 29 06 17 06 17 06 0C 06 25 06 0D 06 40 06 49 06 30 06 1D 06 37 06
1C 06 2B 06 3A 06 42 06 3E 06 3E 06 04 06 52 06 49 06 58 06 5F 06 59 06 56 06 19 06 4D 06 53 06
45 06 4A 06 48 06 19 06 53 06 46 06 4A 06 42 06 49 06 4A 06 3A 06 46 06 34 06 1F 06 21 06 1B 06
25 06 5F 06 49 06 19 06 21 06 1D 06 19 06 60 06 1B 06 10 06 29 06 20 06 47 06 1D 06 17 06 14 06
1C 06 1C 06 0F 06 24 06 13 06 0F 06 28 06 1F 06 1D 06 2B 06 19 06 32 06 27 06 1D 06 2B 06 42 06
42 06 2F 06 0B 06 31 06 66 06 64 06 5F 06 35 06 09 06 5C 06 63 06 63 06 65 06 6B 06 5E 06 23 06
67 06 63 06 63 06 5E 06 6B 06 67 06 5C 06 53 06 5E 06 74 06 4C 06 3C 06 3C 06 2D 06 5E 06 44 06
33 06 2D 06 33 06 72 06 68 06 31 06 2B 06 37 06 30 06 76 06 30 06 2C 06 2D 06 35 06 47 06 2D 06
39 06 3F 06 37 06 40 06 41 06 41 06 49 06 4F 06 52 06 61 06 47 06 6B 06 6A 06 76 06 7A 06 3F 06
73 06 6C 06 78 06 78 06 51 06 39 06 73 06 6F 06 80 06 48 06 7A 06 7B 06 82 06 7E 06 80 06 76 06
74 06 82 06 7F 06 84 06 72 06 66 06 78 06 5C 06 64 06 46 06 3F 06 71 06 40 06 34 06 35 06 3D 06
6A 06 39 06 49 06 43 06 46 06 82 06 3D 06 2F 06 2F 06 35 06 31 06 58 06 44 06 3F 06 37 06 2F 06
2F 06 29 06 70 06 33 06 37 06 3E 06 56 06 27 06 62 06 62 06 66 06 6E 06 31 06 6C 06 72 06 74 06
70 06 37 06 71 06 7C 06 77 06 7E 06 4F 06 48 06 7B 06 7B 06 7E 06 89 06 74 06 82 06 90 06 82 06
7E 06 7B 06 74 06 4D 06 66 06 60 06 50 06 7E 06 35 06 35 06 44 06 39 06 39 06 28 06 45 06 3F 06
3C 06 37 06 7B 06 45 06 3F 06 35 06 3B 06 37 06 79 06 2C 06 31 06 35 06 27 06 39 06 3C 06 2D 06
29 06 21 06 39 06 3B 06 52 06 53 06 5B 06 6E 06 66 06 3C 06 66 06 60 06 62 06 62 06 27 06 5D 06
68 06 6B 06 5A 06 27 06 6A 06 78 06 5F 06 5B 06 6D 06 19 06 6A 06 7A 06 6E 06 52 06 5C 06 53 06
47 06 36 06 2C 06 2C 06 29 06 55 06 19 06 19 06 18 06 15 06 4B 06 14 06 1D 06 04 06 0C 06 4E 06
0E 06 12 06 10 06 06 06 4F 06 10 06 05 06 14 06 0F 06 0D 06 45 06 00 06 1D 06 21 06 0B 06 07 06
2B 06 3B 06 29 06 43 06 0A 06 52 06 4A 06 46 06 3C 06 3F 06 46 06 0C 06 58 06 55 06 46 06 53 06
19 06 59 06 51 06 56 06 66 06 0D 06 53 06 50 06 5A 06 4E 06 40 06 0F 06 47 06 3E 06 46 06 52 06
46 06 1B 06 2D 06 1D 06 21 06 58 06 1F 06 29 06 2D 06 23 06 1F 06 29 06 63 06 2A 06 2C 06 24 06
19 06 3E 06 21 06 44 06 3C 06 2C 06 69 06 F5 05 0D 06 1D 06 28 06 5A 06 21 06 3A 06 43 06 53 06
51 06 29 06 5A 06 6A 06 63 06 54 06 5A 06 58 06 24 06 64 06 58 06 60 06 4F 06 62 06 17 06 57 06
59 06 6E 06 6A 06 6D 06 4B 06 62 06 66 06 5E 06 70 06 58 06 63 06 50 06 40 06 46 06 44 06 39 06
67 06 2D 06 2D 06 37 06 2F 06 6F 06 31 06 24 06 1F 06 23 06 6A 06 60 06 20 06 2F 06 37 06 2B 06
74 06 24 06 34 06 35 06 2D 06 31 06 28 06 41 06 33 06 30 06 47 06 55 06 4C 06 6E 06 63 06 6A 06
72 06 72 06 62 06 54 06 6A 06 6C 06 78 06 6D 06 3D 06 6F 06 74 06 71 06 71 06 71 06 3D 06 78 06
72 06 78 06 7B 06 7A 06 6E 06 77 06 76 06 80 06 70 06 4D 06 6A 06 58 06 4A 06 3D 06 77 06 53 06
35 06 41 06 35 06 33 06 76 06 3C 06 32 06 35 06 22 06 26 06 6C 06 30 06 2D 06 2D 06 2C 06 35 06
31 06 39 06 2F 06 2E 06 2C 06 39 06 39 06 4F 06 3F 06 47 06 3C 06 27 06 5B 06 6A 06 6E 06 29 06
44 06 72 06 68 06 76 06 71 06 27 06 7C 06 73 06 79 06 75 06 52 06 7B 06 76 06 71 06 72 06 73 06
6B 06 6A 06 62 06 6A 06 63 06 62 06 6C 06 52 06 3C 06 48 06 39 06 62 06 68 06 30 06 2D 06 1D 06
5E 06 58 06 19 06 1B 06 1F 06 14 06 56 06 1B 06 1B 06 1F 06 0D 06 14 06 14 06 61 06 18 06 0F 06
0F 06 24 06 14 06 15 06 0D 06 1D 06 1A 06 29 06 33 06 10 06 4A 06 5A 06 52 06 48 06 4E 06 1C 06
4E 06 4D 06 4D 06 5A 06 6A 06 21 06 58 06 61 06 5B 06 5F 06 38 06 4D 06 53 06 58 06 53 06 07 06
3B 06 37 06 3B 06 3E 06 36 06 19 06 2E 06 24 06 14 06 1F 06 58 06 13 06 21 06 19 06 2D 06 5B 06
25 06 11 06 16 06 1A 06 14 06 08 06 3B 06 10 06 0F 06 16 06 0C 06 13 06 F8 05 00 06 07 06 11 06
30 06 0B 06 0B 06 19 06 1F 06 1F 06 F4 05 2E 06 2A 06 36 06 2F 06 04 06 2E 06 42 06 3C 06 48 06
3F 06 3C 06 06 06 43 06 48 06 4F 06 42 06 59 06 58 06 18 06 68 06 56 06 60 06 52 06 52 06 4C 06
32 06 36 06 3C 06 54 06 41 06 3D 06 27 06 ED 05 05 06 17 06 5B 06 1F 06 19 06 13 06 19 06 59 06
19 06 1F 06 0E 06 1A 06 2C 06 58 06 0D 06 20 06 1B 06 17 06 1D 06 17 06 29 06 21 06 19 06 21 06
4C 06 2E 06 2E 06 45 06 45 06 52 06 0C 06 4E 06 46 06 50 06 4C 06 20 06 58 06 4D 06 5F 06 64 06
1F 06 58 06 5F 06 60 06 5A 06 5A 06 1F 06 70 06 75 06 6A 06 76 06 6E 06 5E 06 61 06 5A 06 4C 06
68 06 50 06 47 06 47 06 3C 06 38 06 41 06 7A 06 3D 06 45 06 3D 06 49 06 83 06 43 06 3E 06 47 06
4F 06 98 06 44 06 46 06 44 06 44 06 55 06 64 06 43 06 54 06 52 06 53 06 55 06 5B 06 6B 06 71 06
5F 06 67 06 80 06 64 06 86 06 86 06 7C 06 80 06 84 06 47 06 76 06 89 06 7D 06 7E 06 80 06 4D 06
82 06 83 06 7B 06 89 06 5B 06 80 06 80 06 72 06 76 06 7B 06 79 06 80 06 64 06 66 06 64 06 54 06
79 06 45 06 38 06 41 06 41 06 5F 06 78 06 41 06 3B 06 3E 06 30 06 6E 06 3B 06 44 06 3B 06 3B 06
31 06 54 06 3C 06 3C 06 35 06 35 06 37 06 6E 06 2D 06 43 06 37 06 51 06 53 06 58 06 63 06 62 06
6A 06 66 06 5A 06 21 06 5E 06 62 06 60 06 6C 06 59 06 6D 06 28 06 6C 06 58 06 61 06 6B 06 33 06
67 06 6B 06 70 06 70 06 1F 06 73 06 66 06 54 06 57 06 50 06 20 06 3C 06 38 06 2D 06 27 06 68 06
2D 06 2D 06 19 06 35 06 27 06 33 06 62 06 2A 06 29 06 32 06 2C 06 5B 06 29 06 17 06 1B 06 20 06
3C 06 1F 06 21 06 29 06 2F 06 67 06 27 06 39 06 2D 06 3B 06 27 06 4E 06 62 06 66 06 66 06 62 06
2B 06 62 06 5A 06 58 06 5D 06 46 06 60 06 60 06 5A 06 59 06 5D 06 2A 06 58 06 5F 06 5B 06 6B 06
71 06 66 06 70 06 64 06 64 06 66 06 31 06 64 06 3C 06 3C 06 25 06 67 06 3B 06 18 06 25 06 23 06
62 06 22 06 27 06 1F 06 15 06 27 06 66 06 4C 06 26 06 2C 06 23 06 25 06 1C 06 30 06 19 06 19 06
0F 06 1B 06 27 06 21 06 29 06 43 06 29 06 26 06 2F 06 4B 06 4F 06 62 06 66 06 62 06 33 06 33 06
56 06 56 06 64 06 83 06 4B 06 67 06 63 06 45 06 5D 06 69 06 20 06 5B 06 70 06 7A 06 73 06 72 06
34 06 76 06 67 06 6B 06 63 06 6B 06 5C 06 3C 06 3F 06 33 06 6D 06 35 06 3B 06 4B 06 45 06 45 06
4D 06 7A 06 3B 06 43 06 36 06 30 06 5B 06 2E 06 27 06 26 06 25 06 7F 06 45 06 27 06 2C 06 34 06
3C 06 7A 06 49 06 4B 06 47 06 3B 06 5F 06 6F 06 5A 06 5E 06 6A 06 31 06 5A 06 66 06 64 06 68 06
68 06 75 06 2C 06 6D 06 75 06 71 06 6D 06 52 06 77 06 79 06 73 06 78 06 3D 06 72 06 67 06 6A 06
62 06 66 06 6C 06 5C 06 54 06 3F 06 3F 06 4A 06 40 06 49 06 45 06 4F 06 7F 06 4F 06 49 06 3B 06
43 06 44 06 2E 06 67 06 37 06 37 06 34 06 5C 06 2F 06 3B 06 3D 06 45 06 3B 06 3F 06 37 06 51 06
4B 06 53 06 3A 06 76 06 67 06 69 06 67 06 76 06 37 06 68 06 72 06 82 06 70 06 81 06 7D 06 45 06
74 06 79 06 6D 06 6B 06 77 06 73 06 35 06 7B 06 80 06 82 06 86 06 5C 06 7A 06 77 06 6A 06 5E 06
60 06 41 06 3D 06 44 06 33 06 38 06 38 06 78 06 41 06 3B 06 3D 06 40 06 65 06 44 06 32 06 34 06
31 06 4C 06 73 06 2D 06 24 06 30 06 37 06 35 06 3B 06 7F 06 3D 06 44 06 3D 06 3F 06 45 06 5C 06
2D 06 67 06 62 06 73 06 72 06 49 06 6E 06 70 06 6A 06 6C 06 39 06 74 06 70 06 73 06 6F 06 71 06
6F 06 3D 06 6E 06 6A 06 73 06 69 06 60 06 6B 06 67 06 7E 06 70 06 6E 06 62 06 5A 06 46 06 4E 06
4B 06 67 06 27 06 2F 06 24 06 25 06 4E 06 2B 06 2D 06 2B 06 1F 06 63 06 23 06 24 06 14 06 33 06
50 06 20 06 24 06 20 06 19 06 17 06 15 06 24 06 0D 06 18 06 23 06 23 06 1D 06 46 06 41 06 3B 06
3E 06 0D 06 10 06 4E 06 4E 06 4E 06 50 06 21 06 51 06 60 06 5E 06 27 06 4F 06 5B 06 63 06 52 06
63 06 49 06 5F 06 62 06 62 06 64 06 52 06 53 06 47 06 5F 06 50 06 38 06 2C 06 6F 06 21 06 27 06
21 06 1D 06 4E 06 67 06 21 06 27 06 1D 06 4B 06 21 06 1E 06 17 06 1C 06 0E 06 46 06 17 06 16 06
1D 06 10 06 1B 06 37 06 77 06 3F 06 18 06 FB 05 0F 06 21 06 2B 06 56 06 33 06 4B 06 46 06 46 06
0B 06 49 06 4A 06 4F 06 46 06 5A 06 29 06 61 06 5E 06 5A 06 67 06 65 06 27 06 6B 06 56 06 56 06
5F 06 19 06 5E 06 53 06 4C 06 53 06 51 06 52 06 42 06 36 06 24 06 21 06 5A 06 1C 06 1C 06 25 06
1D 06 57 06 0D 06 0F 06 0B 06 05 06 0C 06 46 06 12 06 06 06 06 06 10 06 06 06 24 06 FE 05 0D 06
05 06 07 06 4B 06 0F 06 19 06 1B 06 11 06 2B 06 42 06 33 06 43 06 57 06 4E 06 1D 06 4E 06 5A 06
54 06 4A 06 59 06 54 06 1B 06 63 06 5E 06 5E 06 5B 06 3B 06 67 06 6A 06 6E 06 78 06 53 06 70 06
6A 06 72 06 63 06 39 06 6E 06 5E 06 54 06 59 06 63 06 49 06 37 06 44 06 38 06 3C 06 56 06 37 06
3D 06 3D 06 37 06 7B 06 3A 06 3E 06 3C 06 45 06 3F 06 37 06 60 06 44 06 41 06 33 06 39 06 45 06
4C 06 58 06 49 06 58 06 5B 06 6B 06 82 06 77 06 73 06 76 06 76 06 7B 06 60 06 7A 06 7E 06 88 06
78 06 78 06 34 06 84 06 7E 06 88 06 88 06 3F 06 7C 06 87 06 8B 06 83 06 76 06 3C 06 7A 06 83 06
6B 06 7B 06 7E 06 6C 06 5C 06 5E 06 51 06 55 06 8C 06 58 06 49 06 5B 06 47 06 55 06 8B 06 4F 06
4B 06 51 06 44 06 84 06 48 06 45 06 41 06 47 06 8B 06 61 06 49 06 49 06 55 06 59 06 41 06 4D 06
4B 06 51 06 4E 06 3B 06 5F 06 73 06 6B 06 72 06 6E 06 70 06 41 06 87 06 72 06 8A 06 74 06 7D 06
82 06 49 06 78 06 7D 06 79 06 7E 06 53 06 87 06 7F 06 88 06 90 06 83 06 3E 06 7B 06 66 06 66 06
6A 06 5C 06 71 06 54 06 3D 06 49 06 44 06 8E 06 3D 06 37 06 41 06 37 06 6E 06 68 06 2B 06 2E 06
2C 06 2C 06 61 06 3B 06 27 06 2C 06 2C 06 73 06 34 06 3D 06 35 06 41 06 43 06 4B 06 41 06 48 06
53 06 5B 06 5F 06 4C 06 66 06 7A 06 6E 06 7A 06 4B 06 72 06 6E 06 73 06 71 06 45 06 3C 06 73 06
72 06 73 06 63 06 4A 06 6A 06 5A 06 5B 06 53 06 57 06 62 06 17 06 51 06 47 06 42 06 46 06 59 06
2C 06 25 06 1D 06 44 06 6B 06 34 06 1D 06 F3 05 17 06 61 06 27 06 1F 06 13 06 22 06 56 06 15 06
10 06 07 06 10 06 08 06 29 06 0D 06 07 06 17 06 19 06 20 06 1D 06 56 06 21 06 33 06 2F 06 4B 06
3F 06 19 06 31 06 52 06 4A 06 50 06 52 06 1F 06 4E 06 55 06 45 06 5C 06 18 06 5C 06 5D 06 5B 06
56 06 5E 06 52 06 4A 06 4B 06 52 06 52 06 4A 06 41 06 3D 06 36 06 36 06 30 06 3F 06 4C 06 29 06
15 06 1D 06 15 06 1B 06 1F 06 25 06 1B 06 26 06 62 06 29 06 12 06 27 06 26 06 29 06 1B 06 6A 06
59 06 24 06 25 06 23 06 27 06 25 06 71 06 39 06 31 06 3D 06 46 06 2B 06 4D 06 62 06 51 06 6A 06
62 06 5C 06 20 06 62 06 60 06 62 06 68 06 29 06 72 06 5E 06 67 06 61 06 27 06 6F 06 70 06 72 06
6B 06 5E 06 27 06 7E 06 72 06 6B 06 76 06 6E 06 5E 06 5C 06 4C 06 47 06 24 06 53 06 2F 06 34 06
33 06 29 06 2F 06 6A 06 29 06 32 06 1F 06 6C 06 24 06 2C 06 26 06 2B 06 24 06 6B 06 44 06 2D 06
2C 06 23 06 35 06 78 06 39 06 49 06 51 06 51 06 5F 06 47 06 63 06 77 06 6E 06 7A 06 7A 06 5C 06
78 06 7A 06 76 06 7F 06 78 06 40 06 74 06 7F 06 78 06 88 06 7F 06 69 06 82 06 83 06 88 06 86 06
86 06 84 06 37 06 6C 06 66 06 6E 06 60 06 60 06 50 06 40 06 41 06 40 06 2D 06 44 06 6C 06 39 06
33 06 26 06 24 06 31 06 27 06 76 06 38 06 3E 06 3F 06 43 06 60 06 34 06 34 06 2D 06 2D 06 7A 06
24 06 34 06 40 06 4B 06 30 06 70 06 57 06 67 06 5B 06 76 06 34 06 7A 06 66 06 6E 06 74 06 6A 06
66 06 3D 06 6E 06 75 06 6F 06 73 06 68 06 2D 06 35 06 72 06 6E 06 78 06 5E 06 73 06 62 06 6A 06
6E 06 25 06 56 06 56 06 44 06 6D 06 3D 06 41 06 31 06 2C 06 25 06 6B 06 25 06 1B 06 1D 06 1F 06
10 06 10 06 38 06 0C 06 FC 05 FC 05 FF 05 01 06 3B 06 3E 06 F7 05 03 06 F9 05 04 06 33 06 08 06
01 06 0D 06 0D 06 07 06 2B 06 33 06 42 06 3A 06 3E 06 42 06 05 06 42 06 4C 06 51 06 4C 06 15 06
42 06 3B 06 54 06 78 06 27 06 5C 06 52 06 2E 06 43 06 1D 06 4E 06 53 06 42 06 4C 06 3F 06 47 06
34 06 3E 06 2C 06 40 06 24 06 21 06 18 06 36 06 14 06 1D 06 13 06 1F 06 17 06 4E 06 14 06 1B 06
10 06 37 06 07 06 12 06 0B 06 08 06 0F 06 10 06 4B 06 15 06 00 06 15 06 04 06 18 06 07 06 1D 06
20 06 2F 06 33 06 29 06 31 06 5A 06 4A 06 53 06 52 06 21 06 50 06 62 06 60 06 69 06 24 06 66 06
60 06 68 06 4D 06 36 06 5B 06 63 06 5B 06 5B 06 68 06 5E 06 58 06 58 06 46 06 56 06 52 06 6F 06
44 06 36 06 37 06 41 06 57 06 31 06 1C 06 29 06 23 06 25 06 1F 06 73 06 23 06 2B 06 2C 06 38 06
24 06 6B 06 1C 06 1C 06 04 06 15 06 1B 06 66 06 4F 06 2F 06 28 06 3D 06 27 06 62 06 4B 06 4B 06
55 06 6B 06 25 06 6A 06 5F 06 68 06 64 06 14 06 54 06 72 06 59 06 68 06 67 06 6B 06 39 06 7B 06
6D 06 77 06 77 06 63 06 6F 06 7A 06 66 06 73 06 3D 06 7A 06 6A 06 76 06 6C 06 64 06 51 06 48 06
49 06 49 06 4C 06 49 06 43 06 7E 06 47 06 4D 06 3D 06 47 06 3F 06 7A 06 41 06 44 06 3F 06 47 06
3F 06 5C 06 39 06 34 06 29 06 2C 06 27 06 35 06 31 06 48 06 43 06 59 06 46 06 30 06 29 06 66 06
66 06 6A 06 72 06 7E 06 58 06 7E 06 64 06 74 06 77 06 3C 06 6F 06 80 06 6B 06 82 06 76 06 82 06
63 06 7D 06 71 06 82 06 66 06 72 06 62 06 70 06 6C 06 6A 06 64 06 4B 06 49 06 51 06 3D 06 7E 06
67 06 3B 06 3B 06 37 06 45 06 7B 06 3B 06 3B 06 3B 06 3C 06 3C 06 3F 06 68 06 59 06 31 06 41 06
2D 06 45 06 33 06 88 06 3C 06 41 06 45 06 43 06 4A 06 5B 06 4F 06 57 06 44 06 5E 06 58 06 5E 06
25 06 38 06 5A 06 74 06 68 06 69 06 1F 06 47 06 5E 06 68 06 58 06 6B 06 66 06 30 06 44 06 73 06
63 06 76 06 24 06 72 06 56 06 5A 06 50 06 56 06 44 06 3D 06 2D 06 33 06 2C 06 39 06 29 06 66 06
31 06 33 06 2B 06 39 06 30 06 6E 06 30 06 36 06 2C 06 2B 06 63 06 4C 06 17 06 25 06 1D 06 3C 06
00 06 11 06 21 06 59 06 4D 06 3B 06 31 06 1F 06 3B 06 43 06 5A 06 62 06 34 06 58 06 5E 06 5A 06
52 06 59 06 23 06 5E 06 62 06 61 06 62 06 61 06 35 06 72 06 66 06 6B 06 5B 06 53 06 5A 06 62 06
56 06 53 06 3F 06 46 06 4C 06 3A 06 2C 06 2C 06 13 06 58 06 14 06 1D 06 0D 06 17 06 36 06 55 06
0D 06 1F 06 13 06 24 06 48 06 1E 06 13 06 1B 06 10 06 28 06 0F 06 21 06 03 06 19 06 0F 06 20 06
4E 06 4E 06 1D 06 37 06 29 06 39 06 2B 06 4D 06 3E 06 38 06 3F 06 52 06 0B 06 48 06 52 06 51 06
55 06 51 06 14 06 57 06 58 06 6B 06 57 06 3E 06 66 06 68 06 5D 06 62 06 56 06 25 06 5B 06 56 06
47 06 56 06 5A 06 38 06 40 06 39 06 31 06 30 06 5A 06 38 06 23 06 29 06 2F 06 33 06 53 06 3D 06
23 06 2A 06 1E 06 36 06 56 06 2B 06 34 06 40 06 3B 06 43 06 31 06 41 06 35 06 40 06 6D 06 35 06
4B 06 5B 06 5F 06 46 06 6C 06 7A 06 72 06 8A 06 7A 06 45 06 7E 06 84 06 7A 06 77 06 41 06 77 06
73 06 80 06 73 06 89 06 7A 06 69 06 81 06 84 06 7A 06 82 06 72 06 77 06 67 06 6E 06 64 06 61 06
62 06 5C 06 56 06 47 06 7C 06 5F 06 3C 06 43 06 43 06 43 06 75 06 3C 06 3A 06 3B 06 36 06 34 06
2C 06 7E 06 2D 06 29 06 34 06 2E 06 31 06 72 06 6E 06 3D 06 3D 06 49 06 43 06 43 06 52 06 58 06
4B 06 6E 06 53 06 54 06 66 06 66 06 68 06 72 06 6C 06 37 06 6C 06 7F 06 72 06 77 06 3D 06 83 06
78 06 83 06 73 06 3C 06 5D 06 82 06 77 06 87 06 7E 06 47 06 77 06 77 06 64 06 64 06 7D 06 54 06
44 06 51 06 4F 06 8D 06 41 06 49 06 3B 06 43 06 31 06 38 06 76 06 3B 06 3E 06 4E 06 2B 06 62 06
25 06 30 06 24 06 34 06 6B 06 39 06 27 06 34 06 3C 06 3B 06 33 06 53 06 4E 06 61 06 53 06 3D 06
6B 06 72 06 6A 06 7A 06 77 06 70 06 35 06 66 06 61 06 69 06 51 06 71 06 69 06 31 06 68 06 77 06
63 06 76 06 4F 06 6B 06 5E 06 62 06 5A 06 64 06 57 06 67 06 4E 06 4C 06 3C 06 37 06 6B 06 35 06
28 06 30 06 2C 06 83 06 38 06 4D 06 23 06 F7 05 0B 06 5C 06 18 06 24 06 1F 06 29 06 34 06 2C 06
20 06 23 06 1F 06 27 06 25 06 31 06 52 06 41 06 2B 06 3F 06 43 06 33 06 38 06 62 06 52 06 62 06
5E 06 27 06 60 06 68 06 65 06 68 06 65 06 67 06 2C 06 6F 06 5B 06 6F 06 5F 06 51 06 6B 06 87 06
73 06 82 06 5E 06 74 06 62 06 67 06 4E 06 43 06 33 06 54 06 44 06 44 06 6B 06 5F 06 3D 06 37 06
27 06 3D 06 73 06 39 06 27 06 3D 06 29 06 2C 06 64 06 3F 06 2B 06 3C 06 28 06 3C 06 20 06 33 06
2B 06 2B 06 2C 06 49 06 39 06 43 06 3F 06 3E 06 34 06 37 06 53 06 62 06 5E 06 6E 06 21 06 68 06
5A 06 6E 06 65 06 29 06 6A 06 73 06 5B 06 72 06 3F 06 78 06 6A 06 6F 06 63 06 69 06 68 06 6A 06
5A 06 67 06 57 06 5E 06 5A 06 4C 06 38 06 38 06 25 06 66 06 6C 06 40 06 39 06 35 06 27 06 5E 06
27 06 27 06 25 06 2B 06 21 06 63 06 13 06 23 06 14 06 25 06 24 06 7E 06 60 06 37 06 27 06 3D 06
2C 06 39 06 67 06 31 06 32 06 4B 06 43 06 5E 06 5E 06 7A 06 66 06 6A 06 52 06 5A 06 0E 06 4F 06
4F 06 64 06 5B 06 30 06 5B 06 6D 06 69 06 79 06 17 06 68 06 68 06 78 06 63 06 5C 06 2D 06 64 06
5F 06 62 06 5B 06 60 06 54 06 39 06 3D 06 34 06 2D 06 3C 06 63 06 43 06 3B 06 45 06 3B 06 82 06
2B 06 45 06 22 06 34 06 50 06 3F 06 26 06 34 06 34 06 79 06 31 06 41 06 2D 06 3D 06 32 06 80 06
45 06 5B 06 5F 06 63 06 3F 06 73 06 7F 06 82 06 76 06 7F 06 86 06 7A 06 6A 06 79 06 85 06 47 06
7E 06 83 06 80 06 8B 06 8D 06 5B 06 88 06 93 06 83 06 83 06 37 06 72 06 72 06 61 06 67 06 7B 06
30 06 4C 06 4C 06 39 06 2B 06 35 06 48 06 35 06 2F 06 3B 06 2F 06 2D 06 56 06 3B 06 27 06 34 06
24 06 2D 06 52 06 1B 06 1B 06 2E 06 20 06 29 06 31 06 27 06 31 06 2D 06 31 06 49 06 39 06 44 06
62 06 5F 06 5F 06 61 06 23 06 6A 06 5C 06 68 06 62 06 34 06 6C 06 75 06 71 06 77 06 2A 06 49 06
58 06 66 06 72 06 8A 06 38 06 79 06 69 06 3F 06 52 06 59 06 5A 06 67 06 67 06 5A 06 6F 06 44 06
39 06 3B 06 2C 06 2D 06 40 06 6A 06 2D 06 33 06 2B 06 2D 06 5A 06 27 06 1C 06 30 06 1E 06 68 06
4C 06 17 06 16 06 20 06 14 06 63 06 13 06 24 06 18 06 39 06 66 06 3B 06 3B 06 3B 06 5B 06 26 06
5B 06 67 06 62 06 6C 06 62 06 6E 06 27 06 60 06 64 06 75 06 77 06 21 06 59 06 63 06 51 06 58 06
17 06 51 06 55 06 66 06 6A 06 76 06 6A 06 58 06 67 06 64 06 4C 06 4E 06 4C 06 39 06 2C 06 35 06
