E8 05 FB 05 C1 05 EF 05 04 06 06 06 1D 06 F0 05 F0 05 CA 05 FA 05 E7 05 17 06 EA 05 01 06 0D 06
05 06 FD 05 00 06 F8 05 F8 05 0D 06 EF 05 0B 06 03 06 D3 05 F3 05 2F 06 1B 06 1A 06 EF 05 22 06
2E 06 1A 06 08 06 14 06 2B 06 01 06 C0 05 32 06 03 06 38 06 1F 06 13 06 5E 06 2A 06 F1 05 E1 05
2E 06 1E 06 3E 06 0C 06 22 06 2B 06 27 06 F9 05 4D 06 14 06 1D 06 FD 05 19 06 14 06 F4 05 35 06
15 06 11 06 2B 06 41 06 0B 06 3B 06 6E 06 6E 06 15 06 21 06 2F 06 11 06 0F 06 F4 05 67 06 76 06
0F 06 17 06 20 06 39 06 29 06 1D 06 41 06 38 06 3F 06 23 06 05 06 1E 06 42 06 6A 06 31 06 46 06
7A 06 92 06 68 06 25 06 72 06 3F 06 7B 06 32 06 6B 06 75 06 73 06 65 06 69 06 42 06 3B 06 21 06
46 06 13 06 07 06 0A 06 7C 06 E6 06 84 06 54 06 F0 05 5E 05 F9 05 0D 06 01 06 07 06 F5 05 51 06
FF 05 05 06 13 06 17 06 1C 06 27 06 28 06 6C 06 1F 06 0B 06 2C 06 20 06 41 06 25 06 2D 06 40 06
45 06 3D 06 41 06 41 06 61 06 5B 06 63 06 12 06 58 06 42 06 72 06 8A 06 AC 06 91 06 A6 06 94 06
4D 06 5D 06 A4 06 A7 06 7F 06 8F 06 93 06 78 06 47 06 68 06 57 06 9F 06 82 06 A1 06 C2 06 92 06
23 06 8E 06 4D 06 8E 06 6C 06 7C 06 55 06 93 06 4B 06 3F 06 25 06 3B 06 4D 06 3D 06 2D 06 80 06
4D 06 4D 06 53 06 70 06 4E 06 6A 06 4C 06 8B 06 A2 06 25 06 34 06 45 06 43 06 3D 06 83 06 41 06
69 06 4D 06 5F 06 82 06 97 06 8F 06 73 06 7E 06 AE 06 9A 06 9E 06 78 06 7E 06 40 06 85 06 5B 06
6F 06 AB 06 7A 06 7B 06 6B 06 31 06 39 06 36 06 5A 06 3B 06 39 06 E4 05 F1 05 32 06 30 06 27 06
3B 06 1E 06 36 06 FC 05 EC 05 24 06 FB 05 25 06 09 06 1C 06 03 06 39 06 18 06 17 06 49 06 1B 06
43 06 2A 06 30 06 2C 06 57 06 0B 06 0D 06 28 06 04 06 19 06 21 06 41 06 56 06 03 06 E1 05 EB 05
E1 05 EB 05 FB 05 18 06 33 06 52 06 36 06 16 06 26 06 06 06 F8 05 D6 05 B6 05 E0 05 F5 05 18 06
F3 05 0B 06 0B 06 07 06 ED 05 0B 06 52 06 3C 06 39 06 53 06 2A 06 22 06 4E 06 42 06 2F 06 52 06
52 06 4E 06 44 06 38 06 3E 06 35 06 49 06 01 06 74 06 31 06 59 06 55 06 17 06 60 06 50 06 39 06
1B 06 46 06 16 06 2E 06 1B 06 21 06 17 06 41 06 3D 06 13 06 13 06 2C 06 68 06 29 06 62 06 8F 06
3A 06 43 06 71 06 51 06 63 06 56 06 64 06 6F 06 8D 06 AE 06 97 06 8A 06 74 06 8B 06 8B 06 A0 06
9A 06 C1 06 BD 06 B7 06 44 06 49 06 78 06 82 06 78 06 8B 06 A6 06 76 06 89 06 4C 06 93 06 54 06
5E 06 59 06 36 06 6B 06 47 06 02 06 2C 06 4B 06 2F 06 37 06 23 06 39 06 32 06 76 06 96 06 1F 06
5F 06 5E 06 41 06 0C 06 3C 06 7D 06 3D 06 11 06 27 06 27 06 41 06 19 06 61 06 7B 06 4E 06 49 06
7B 06 63 06 51 06 4A 06 B2 06 CD 06 C2 06 A2 06 60 06 6E 05 7F 06 7D 06 77 06 44 06 8E 06 78 06
5F 06 68 06 77 06 4D 06 66 06 1B 06 5B 06 72 06 76 06 A6 06 66 06 6B 06 7E 06 7C 06 6E 06 68 06
34 06 59 06 63 06 29 06 2F 06 63 06 92 06 5F 06 59 06 31 06 51 06 43 06 72 06 37 06 76 06 92 06
2D 06 3D 06 64 06 55 06 39 06 2D 06 39 06 27 06 1F 06 38 06 59 06 6B 06 27 06 68 06 74 06 4B 06
45 06 3F 06 3A 06 3C 06 4E 06 38 06 5F 06 4A 06 4A 06 81 06 92 06 92 06 75 06 35 06 88 06 78 06
89 06 83 06 AB 06 AF 06 83 06 60 06 93 06 57 06 76 06 83 06 8E 06 62 06 54 06 48 06 54 06 51 06
20 06 44 06 5D 06 45 06 5F 06 5B 06 A2 06 65 06 66 06 41 06 28 06 3A 06 17 06 0A 06 59 06 24 06
E7 05 26 06 2F 06 D5 05 6B 06 23 06 1D 06 24 06 28 06 29 06 31 06 07 06 35 06 2A 06 09 06 27 06
12 06 2A 06 1A 06 F0 05 E0 05 05 06 FE 05 22 06 48 06 67 06 6A 06 7A 06 57 06 40 06 5F 06 67 06
32 06 4F 06 8B 06 80 06 72 06 63 06 96 06 57 06 6B 06 5E 06 54 06 6C 06 7F 06 40 06 69 06 3D 06
35 06 45 06 0D 06 1B 06 6A 06 1D 06 27 06 2F 06 1F 06 2B 06 1A 06 2E 06 4A 06 EB 05 E7 05 0D 06
F0 05 39 06 1B 06 3D 06 45 06 4D 06 68 06 9D 06 91 06 95 06 89 06 DB 06 C1 06 95 06 87 06 BA 06
BE 06 A4 06 A2 06 84 06 97 06 3B 06 54 06 79 06 68 06 53 06 5E 06 78 06 4B 06 40 06 48 06 3F 06
2F 06 3B 06 68 06 43 06 73 06 19 06 7F 06 56 06 23 06 16 06 FC 05 FD 05 09 06 E5 05 11 06 09 06
15 06 41 06 3D 06 0F 06 FB 05 EF 05 F1 05 10 06 FC 05 12 06 06 06 CA 05 E7 05 23 06 D4 05 C7 05
EB 05 FD 05 07 06 03 06 1C 06 52 06 1F 06 1B 06 FF 05 3F 06 26 06 1F 06 23 06 2C 06 36 06 1A 06
4A 06 27 06 60 06 08 06 45 06 DF 05 FE 05 12 06 27 06 40 06 40 06 35 06 2E 06 14 06 2E 06 3F 06
2B 06 52 06 42 06 FC 05 44 06 36 06 16 06 0C 06 04 06 2C 06 F4 05 C5 05 0A 06 D3 05 08 06 EB 05
17 06 E1 05 D5 05 F3 05 27 06 10 07 80 06 6A 06 1C 06 5E 05 21 06 1D 06 20 06 1C 06 11 06 F7 05
F3 05 00 06 04 06 2C 06 38 06 2F 06 16 06 27 06 1B 06 EF 05 17 06 22 06 2A 06 56 06 40 06 20 06
67 06 6A 06 74 06 53 06 51 06 77 06 04 06 06 06 4D 06 5D 06 33 06 63 06 9B 06 9B 06 45 06 90 06
9E 06 62 06 52 06 60 06 26 06 53 06 0C 06 4C 06 2E 06 07 06 1F 06 F1 05 60 06 53 06 21 06 2B 06
2D 06 55 06 54 06 19 06 50 06 DB 05 FC 05 E7 05 D1 05 DB 05 FD 05 40 06 1A 06 14 06 05 06 1D 06
25 06 F8 05 ED 05 50 06 3B 06 42 06 50 06 50 06 3F 06 63 06 72 06 52 06 5D 06 3F 06 42 06 24 06
66 06 3A 06 63 06 7A 06 4A 06 36 06 63 06 5F 06 36 06 52 06 37 06 47 06 5F 06 5E 06 92 06 90 06
42 06 67 06 50 06 07 06 40 06 24 06 4B 06 31 06 37 06 01 06 14 06 34 06 21 06 43 06 6F 06 39 06
23 06 37 06 53 06 50 06 54 06 38 06 57 06 49 06 11 06 2F 06 2C 06 85 06 69 06 73 06 81 06 EE 06
95 06 78 06 7B 06 82 06 8E 06 81 06 5F 06 51 06 70 06 7E 06 96 06 7E 06 9A 06 96 06 6E 06 70 06
4D 06 4D 06 3B 06 68 06 5A 06 27 06 4F 06 47 06 42 06 4F 06 75 06 60 06 62 06 49 06 60 06 9C 06
7E 06 92 06 46 06 24 06 2C 06 50 06 55 06 41 06 57 06 5C 06 75 06 51 06 27 06 8A 06 73 06 50 06
77 06 72 06 5C 06 8A 06 91 06 79 06 49 06 33 06 4C 06 58 06 47 06 2F 06 8F 06 6A 06 5D 06 A1 06
0D 06 21 06 53 06 48 06 41 06 67 06 33 06 72 06 76 06 6E 06 CB 06 C8 06 A2 06 FA 05 49 06 68 06
3F 06 2A 06 16 06 49 06 07 06 2B 06 43 06 4B 06 02 08 A8 0A BB 08 B6 0A D2 08 36 08 99 05 54 06
DB 03 60 04 64 04 F4 01 48 02 92 02 76 02 3D 03 64 04 89 05 F9 06 A5 08 C0 09 17 0A 03 0A D7 09
67 09 8C 09 26 09 BD 08 E1 08 F5 07 B7 07 57 07 38 07 CC 05 D5 05 D7 04 0C 04 C8 03 81 03 F5 02
62 03 6B 03 B3 03 E1 03 D3 04 8F 05 0E 06 1E 07 5A 07 C5 07 B3 07 B5 07 38 07 91 07 0F 07 5B 07
2E 07 76 06 30 06 99 06 73 06 06 07 53 07 0F 07 00 07 03 07 84 06 CE 06 C1 06 C7 06 CB 06 06 07
C4 06 D6 06 54 06 04 06 E5 05 E8 05 D0 05 CB 05 C5 06 A3 06 BF 06 B5 06 E7 06 71 06 D1 06 D7 06
E6 06 DF 06 C7 06 23 07 14 07 9C 06 3C 06 FB 05 5B 05 4F 05 08 05 29 05 3B 05 B0 05 5B 05 90 05
98 05 D3 05 21 06 9A 06 F2 06 C1 06 BD 06 16 07 60 07 3E 07 84 07 2D 07 41 07 9F 06 94 06 93 06
5C 06 5D 06 5F 06 72 06 6A 06 30 06 68 06 3B 06 1E 06 36 06 06 06 60 06 3F 06 5F 06 FC 05 1C 06
A1 05 0C 06 D0 05 15 06 19 06 F7 05 E9 05 31 06 13 06 1D 06 F9 05 03 06 37 06 1B 06 82 06 A8 06
17 07 DB 06 07 07 05 07 1E 07 CB 06 C3 06 71 06 75 06 34 06 40 06 30 06 4B 06 26 06 F7 05 23 06
03 06 3F 06 3F 06 36 06 5A 06 35 06 8E 06 E8 06 EA 06 E4 06 1F 07 BF 06 D3 06 8B 06 79 06 58 06
27 06 C2 05 BF 05 D2 05 E8 05 FE 05 F0 05 FE 05 03 06 FA 05 41 06 42 06 27 06 1F 06 04 06 DC 05
10 06 40 06 58 06 75 06 6B 06 B2 06 9B 06 AF 06 CF 06 E9 06 D0 06 D4 06 CC 06 B6 06 D8 06 A7 06
57 06 31 06 24 06 20 06 15 06 15 06 1D 06 10 06 DC 05 C1 05 BB 05 09 06 E1 05 0A 06 0D 06 F6 05
5E 06 5E 06 92 06 6C 06 7C 06 6E 06 77 06 7A 06 85 06 9B 06 93 06 58 06 A7 06 9B 06 B1 06 9B 06
AA 06 B3 06 9B 06 B3 06 5F 06 CE 06 A2 06 A6 06 8A 06 53 06 6B 06 52 06 5E 06 6F 06 39 06 36 06
44 06 19 06 41 06 2B 06 22 06 51 06 40 06 5F 06 70 06 86 06 6F 06 6A 06 A4 06 53 06 27 06 21 06
27 06 0C 06 0D 06 3E 06 3A 06 E1 05 E0 05 F8 05 F1 05 FD 05 13 06 15 06 40 06 13 06 33 06 66 06
8A 06 8A 06 8F 06 BE 06 A8 06 EF 06 F8 06 13 07 19 07 07 07 FE 06 FA 06 A3 06 A9 06 BE 06 9B 06
77 06 69 06 60 06 50 06 F7 05 28 06 24 06 1F 06 2E 06 0C 06 04 06 04 06 F9 05 D1 05 00 06 05 06
35 06 0B 06 4B 06 1F 06 88 06 66 06 C3 06 C7 06 DF 06 8F 06 87 06 70 06 97 06 73 06 4F 06 36 06
05 06 0D 06 C3 05 EC 05 CB 05 FD 05 CB 05 E1 05 C3 05 BF 05 D2 05 E9 05 13 06 42 06 76 06 9F 06
B2 06 BC 06 97 06 CC 06 BC 06 B2 06 B1 06 8E 06 6A 06 42 06 FD 05 18 06 43 06 2A 06 48 06 2B 06
39 06 33 06 2A 06 42 06 3B 06 3B 06 32 06 16 06 1C 06 15 06 2B 06 68 06 64 06 3D 06 35 06 2B 06
33 06 47 06 29 06 80 06 80 06 43 06 39 06 21 06 26 06 16 06 10 06 2E 06 28 06 E6 05 F4 05 F5 05
E3 05 DF 05 EC 05 3A 06 15 06 2D 06 37 06 2B 06 3F 06 41 06 5B 06 82 06 46 06 62 06 48 06 3F 06
34 06 59 06 25 06 4D 06 63 06 58 06 55 06 6B 06 5D 06 69 06 26 06 3D 06 77 06 6F 06 6D 06 73 06
1F 06 1F 06 62 06 4F 06 49 06 43 06 37 06 2C 06 FD 05 15 06 3B 06 31 06 35 06 39 06 39 06 2B 06
6E 06 28 06 19 06 29 06 05 06 1E 06 00 06 24 06 01 06 52 06 0B 06 1C 06 34 06 3D 06 31 06 34 06
15 06 69 06 1B 06 2B 06 21 06 35 06 41 06 3E 06 49 06 36 06 22 06 62 06 62 06 73 06 76 06 86 06
86 06 59 06 92 06 A3 06 8E 06 96 06 91 06 83 06 8E 06 70 06 6E 06 3B 06 48 06 38 06 4A 06 30 06
30 06 2A 06 3D 06 42 06 62 06 6C 06 66 06 84 06 65 06 79 06 73 06 7C 06 90 06 97 06 4B 06 37 06
24 06 05 06 FA 05 DF 05 0A 06 FE 05 D2 05 FB 05 FF 05 20 06 34 06 35 06 74 06 5D 06 5B 06 5F 06
89 06 81 06 79 06 81 06 7A 06 56 06 53 06 43 06 42 06 4E 06 3E 06 09 06 51 06 32 06 3A 06 3E 06
2D 06 38 06 0D 06 17 06 57 06 7B 06 75 06 73 06 72 06 3D 06 31 06 68 06 57 06 70 06 5E 06 62 06
5B 06 2D 06 3F 06 74 06 64 06 61 06 5F 06 57 06 59 06 79 06 60 06 5D 06 53 06 4B 06 55 06 41 06
6C 06 30 06 2A 06 2C 06 2F 06 10 06 15 06 52 06 3E 06 FF 05 07 06 0D 06 27 06 49 06 6F 06 A3 06
98 06 5D 06 4F 06 59 06 2B 06 3F 06 3B 06 4B 06 67 06 25 06 62 06 62 06 6B 06 64 06 62 06 78 06
65 06 6A 06 41 06 78 06 80 06 72 06 7A 06 73 06 73 06 73 06 56 06 66 06 56 06 62 06 40 06 3C 06
37 06 22 06 2D 06 35 06 15 06 34 06 2D 06 29 06 19 06 E8 05 6A 06 21 06 23 06 33 06 29 06 25 06
1C 06 30 06 63 06 26 06 30 06 20 06 33 06 20 06 27 06 35 06 35 06 72 06 44 06 40 06 5D 06 5D 06
6F 06 73 06 79 06 64 06 5A 06 87 06 8B 06 76 06 60 06 4F 06 42 06 2B 06 FE 05 F5 05 0B 06 0F 06
1A 06 1D 06 49 06 17 06 68 06 8A 06 91 06 9B 06 A9 06 A2 06 57 06 55 06 87 06 5B 06 6B 06 56 06
3C 06 2C 06 11 06 FF 05 07 06 00 06 E8 05 FB 05 FF 05 FD 05 37 06 FD 05 FB 05 11 06 15 06 1B 06
28 06 1D 06 35 06 78 06 45 06 4C 06 4C 06 3F 06 44 06 3F 06 2F 06 81 06 24 06 38 06 3B 06 29 06
3D 06 51 06 53 06 5E 06 42 06 63 06 62 06 58 06 44 06 4A 06 52 06 FF 05 60 06 60 06 6A 06 68 06
69 06 80 06 98 06 72 06 92 06 A7 06 A3 06 B2 06 AB 06 96 06 8E 06 86 06 81 06 56 06 54 06 3A 06
26 06 09 06 15 06 1C 06 F1 05 E1 05 EC 05 07 06 09 06 1D 06 35 06 72 06 43 06 36 06 4C 06 4A 06
55 06 7E 06 47 06 47 06 47 06 46 06 3D 06 37 06 34 06 1D 06 2C 06 01 06 FB 05 1D 06 0F 06 13 06
1F 06 18 06 3B 06 5A 06 5E 06 74 06 78 06 6C 06 70 06 7E 06 3B 06 7A 06 78 06 86 06 74 06 63 06
6F 06 7B 06 26 06 5E 06 71 06 88 06 7E 06 82 06 82 06 76 06 3B 06 77 06 67 06 5C 06 4C 06 38 06
45 06 21 06 3F 06 25 06 31 06 23 06 1D 06 25 06 27 06 2B 06 3D 06 33 06 3C 06 2C 06 2A 06 1B 06
31 06 6F 06 5E 06 20 06 16 06 1F 06 33 06 2C 06 49 06 76 06 71 06 41 06 43 06 3F 06 45 06 4B 06
47 06 62 06 34 06 24 06 62 06 52 06 4E 06 42 06 4F 06 57 06 0D 06 3B 06 60 06 62 06 68 06 5B 06
6E 06 6B 06 31 06 79 06 81 06 82 06 72 06 57 06 56 06 3E 06 50 06 3B 06 1C 06 18 06 14 06 07 06
09 06 35 06 ED 05 F9 05 03 06 FD 05 0D 06 2A 06 1B 06 33 06 62 06 1C 06 30 06 27 06 35 06 33 06
3D 06 26 06 31 06 19 06 F9 05 09 06 07 06 08 06 11 06 F9 05 01 06 16 06 2F 06 31 06 3B 06 52 06
4F 06 46 06 48 06 23 06 3C 06 88 06 88 06 89 06 6D 06 42 06 72 06 26 06 31 06 6B 06 53 06 5F 06
56 06 58 06 58 06 15 06 52 06 56 06 4B 06 57 06 4E 06 53 06 5E 06 3B 06 50 06 37 06 34 06 35 06
24 06 23 06 3F 06 00 06 03 06 FF 05 03 06 0F 06 09 06 15 06 68 06 51 06 35 06 3D 06 3C 06 45 06
46 06 3C 06 9F 06 92 06 41 06 3C 06 51 06 3D 06 72 06 5E 06 4B 06 5B 06 53 06 6A 06 62 06 62 06
44 06 68 06 56 06 60 06 60 06 69 06 6D 06 6F 06 88 06 49 06 88 06 75 06 8B 06 8F 06 84 06 80 06
7B 06 5F 06 6F 06 62 06 6A 06 63 06 42 06 4E 06 37 06 29 06 68 06 3E 06 3C 06 25 06 24 06 25 06
34 06 76 06 47 06 31 06 37 06 3A 06 37 06 3B 06 3F 06 72 06 2C 06 2D 06 16 06 07 06 14 06 18 06
0B 06 1C 06 19 06 28 06 39 06 28 06 28 06 28 06 32 06 33 06 51 06 33 06 3B 06 42 06 3A 06 36 06
2E 06 FC 05 3A 06 40 06 3F 06 44 06 3F 06 61 06 68 06 79 06 3A 06 67 06 83 06 79 06 73 06 70 06
63 06 4E 06 0F 06 3F 06 30 06 2E 06 1E 06 24 06 0C 06 14 06 23 06 2A 06 05 06 14 06 18 06 15 06
23 06 33 06 2E 06 32 06 30 06 3D 06 3B 06 44 06 44 06 78 06 53 06 37 06 20 06 1D 06 1B 06 17 06
17 06 58 06 4E 06 19 06 1D 06 27 06 56 06 FF 06 17 08 62 08 EE 06 B2 04 A6 03 0E 04 24 05 C4 05
20 05 0C 04 8F 04 D1 05 E0 06 D2 06 F3 06 56 08 24 0A F3 09 33 08 4F 06 10 06 E7 06 12 07 96 05
67 04 61 04 0A 05 ED 05 B6 05 D4 04 F4 04 74 06 D4 06 15 06 61 05 CD 05 EB 06 BB 07 8B 07 49 06
7E 05 82 05 F5 05 17 06 04 06 38 06 B7 06 D7 06 8B 06 47 06 B7 05 84 06 04 07 25 07 F5 05 07 06
F9 06 4D 06 6D 06 D3 06 FF 06 41 06 87 06 73 06 C4 04 A9 04 8A 05 AB 05 3C 05 23 05 86 04 38 04
0C 05 5C 06 FB 05 86 05 A0 06 08 07 29 07 75 07 26 07 53 06 FD 06 65 08 A8 07 A3 06 B0 06 56 07
08 07 FA 06 00 07 92 05 B6 05 D4 06 79 06 C5 05 EB 05 65 06 68 06 1F 07 8B 06 77 05 43 05 15 06
B0 06 4C 06 4A 06 30 06 36 06 6C 06 9B 06 0B 06 C0 05 47 06 8C 06 03 06 6D 05 A7 05 B0 05 58 06
51 06 68 06 01 06 2B 06 0E 06 C3 05 BF 05 6F 05 62 06 93 06 46 06 E6 05 96 05 D6 05 3F 06 83 06
77 06 A6 06 B7 06 AF 06 C0 06 AB 06 BF 06 FE 06 2D 07 C4 06 03 07 3B 07 3B 07 36 07 07 07 D0 06
59 06 4A 06 6C 06 08 06 B4 05 D9 05 DA 05 B5 05 BC 05 AF 05 99 05 8F 05 6B 05 BD 05 BA 05 39 06
15 06 FE 05 17 06 BC 06 C7 06 BF 06 A3 06 44 06 1C 06 27 06 2F 06 39 06 30 06 38 06 09 06 D1 05
E9 05 15 06 72 06 6B 06 9B 06 46 06 67 06 92 06 02 07 CA 06 9B 06 4E 06 01 06 13 06 61 06 72 06
77 06 7B 06 61 06 59 06 11 06 8F 06 B2 06 B3 06 B9 06 A0 06 90 06 3B 06 0F 06 5E 06 2F 06 56 06
1E 06 E0 05 DC 05 F1 05 E6 05 05 06 00 06 0F 06 15 06 05 06 2F 06 03 06 3E 06 51 06 71 06 51 06
36 06 48 06 4F 06 8E 06 97 06 90 06 40 06 74 06 77 06 5D 06 65 06 8F 06 69 06 2B 06 31 06 0F 06
FF 05 33 06 38 06 3C 06 53 06 33 06 32 06 5C 06 7B 06 60 06 4A 06 38 06 17 06 28 06 6D 06 4E 06
59 06 58 06 8F 06 9B 06 44 06 A6 06 C3 06 A0 06 A6 06 9B 06 52 06 6E 06 3F 06 66 06 62 06 46 06
68 06 54 06 3C 06 29 06 4C 06 04 06 25 06 4B 06 21 06 EB 05 D1 05 ED 05 56 06 43 06 33 06 2A 06
24 06 4F 06 49 06 44 06 64 06 6C 06 71 06 37 06 EF 05 BF 05 ED 05 29 06 19 06 0F 06 E3 05 03 06
33 06 3B 06 2B 06 2A 06 0B 06 72 06 73 06 7C 06 62 06 56 06 63 06 69 06 8F 06 55 06 89 06 AF 06
88 06 58 06 7F 06 CB 06 F0 06 A9 06 AA 06 73 06 34 06 47 06 57 06 4E 06 36 06 4A 06 3C 06 04 06
DD 05 D5 05 DD 05 0C 06 29 06 70 06 19 06 0B 06 2F 06 5F 06 93 06 9D 06 CC 06 83 06 78 06 69 06
51 06 23 06 21 06 40 06 89 06 4A 06 D7 05 CF 05 10 06 48 06 5D 06 39 06 3F 06 64 06 6B 06 73 06
6F 06 53 06 62 06 72 06 62 06 11 06 EF 05 3A 06 44 06 63 06 5D 06 67 06 45 06 3B 06 58 06 96 06
AA 06 C7 06 A6 06 93 06 9B 06 64 06 A7 06 96 06 7F 06 24 06 3A 06 46 06 54 06 26 06 16 06 2A 06
2B 06 25 06 41 06 1D 06 25 06 75 06 45 06 37 06 2F 06 1F 06 2B 06 29 06 46 06 62 06 23 06 47 06
54 06 6D 06 5C 06 5F 06 2F 06 4C 06 41 06 34 06 31 06 28 06 47 06 29 06 13 06 FB 05 F0 05 0E 06
4E 06 78 06 6A 06 6B 06 4C 06 56 06 41 06 8F 06 99 06 8D 06 77 06 76 06 4F 06 5A 06 13 06 2F 06
52 06 60 06 41 06 6B 06 56 06 64 06 2D 06 78 06 67 06 6A 06 72 06 64 06 3D 06 16 06 17 06 18 06
0C 06 09 06 F1 05 03 06 2D 06 72 06 3C 06 3B 06 4B 06 5A 06 64 06 50 06 50 06 8F 06 8A 06 41 06
24 06 0B 06 17 06 21 06 6B 06 29 06 08 06 18 06 1B 06 3B 06 3B 06 57 06 53 06 53 06 77 06 62 06
6E 06 74 06 7C 06 59 06 92 06 7E 06 4D 06 54 06 60 06 6A 06 53 06 1D 06 42 06 51 06 52 06 42 06
35 06 32 06 3B 06 60 06 1B 06 58 06 4C 06 7B 06 A6 06 90 06 74 06 50 06 3D 06 8A 06 40 06 1D 06
11 06 FF 05 05 06 0F 06 29 06 F3 05 15 06 47 06 5B 06 58 06 7E 06 60 06 57 06 60 06 46 06 0E 06
0F 06 13 06 4B 06 0F 06 E1 05 ED 05 FF 05 21 06 30 06 29 06 3F 06 53 06 83 06 92 06 77 06 6B 06
7A 06 8E 06 4D 06 6E 06 4D 06 61 06 60 06 5E 06 46 06 5C 06 3D 06 78 06 92 06 66 06 62 06 59 06
70 06 66 06 4A 06 57 06 54 06 5E 06 42 06 4E 06 34 06 53 06 98 06 5D 06 64 06 4D 06 49 06 45 06
31 06 2B 06 11 06 58 06 13 06 26 06 0C 06 22 06 17 06 23 06 2B 06 7B 06 44 06 37 06 33 06 17 06
07 06 05 06 FC 05 34 06 F7 05 07 06 23 06 28 06 48 06 5B 06 5F 06 78 06 76 06 76 06 76 06 77 06
5C 06 62 06 54 06 73 06 78 06 7B 06 71 06 69 06 81 06 73 06 3F 06 40 06 8B 06 7D 06 86 06 6A 06
4B 06 50 06 0D 06 23 06 3A 06 46 06 4C 06 50 06 5D 06 55 06 59 06 6B 06 50 06 6B 06 61 06 63 06
47 06 43 06 4A 06 72 06 54 06 1C 06 FF 05 F7 05 11 06 11 06 07 06 59 06 40 06 3B 06 43 06 5D 06
4F 06 5B 06 6D 06 93 06 61 06 73 06 69 06 69 06 53 06 2A 06 26 06 F6 05 28 06 34 06 32 06 4C 06
55 06 75 06 89 06 44 06 75 06 7C 06 73 06 68 06 5D 06 33 06 2E 06 28 06 3D 06 3E 06 3E 06 3A 06
21 06 4B 06 53 06 3E 06 34 06 38 06 40 06 2D 06 35 06 28 06 21 06 67 06 1F 06 1B 06 11 06 11 06
06 06 13 06 05 06 FA 05 2F 06 4D 06 07 06 07 06 04 06 1C 06 3B 06 2B 06 83 06 57 06 34 06 48 06
38 06 38 06 33 06 3D 06 6D 06 6F 06 6F 06 63 06 6A 06 72 06 6A 06 5E 06 21 06 4E 06 52 06 4A 06
4D 06 3A 06 47 06 22 06 44 06 76 06 4B 06 42 06 47 06 7B 06 60 06 4A 06 42 06 63 06 70 06 4F 06
37 06 2E 06 F9 05 24 06 1C 06 1D 06 E9 05 F9 05 0D 06 43 06 29 06 03 06 0F 06 1F 06 1F 06 05 06
F1 05 48 06 2A 06 0C 06 09 06 DB 05 CB 05 F4 05 10 06 61 06 2C 06 DB 05 10 06 48 06 31 06 E8 05
29 06 68 06 63 06 12 06 53 06 4B 06 4A 06 77 06 68 06 57 06 14 06 01 06 4C 06 45 06 2D 06 04 06
1E 06 4F 06 18 06 40 06 33 06 52 06 5B 06 82 06 9B 06 5A 06 2E 06 52 06 62 06 50 06 2D 06 47 06
44 06 2A 06 4C 06 2C 06 2D 06 05 06 04 06 2C 06 29 06 25 06 5B 06 27 06 0D 06 FF 05 07 06 17 06
14 06 26 06 56 06 16 06 1D 06 2C 06 2C 06 2D 06 41 06 2D 06 40 06 3C 06 38 06 2C 06 3D 06 47 06
4B 06 51 06 53 06 3D 06 2E 06 57 06 52 06 3E 06 4C 06 2F 06 60 06 63 06 61 06 54 06 6F 06 78 06
62 06 1F 06 67 06 6A 06 73 06 87 06 6B 06 78 06 70 06 2B 06 5C 06 70 06 6A 06 67 06 66 06 62 06
3C 06 3F 06 66 06 31 06 31 06 35 06 39 06 3F 06 13 06 27 06 52 06 41 06 41 06 3B 06 37 06 26 06
26 06 31 06 83 06 67 06 3D 06 54 06 47 06 43 06 49 06 37 06 49 06 7A 06 47 06 4F 06 43 06 53 06
63 06 73 06 77 06 36 06 6E 06 6F 06 7A 06 72 06 76 06 66 06 78 06 6F 06 6F 06 14 06 60 06 48 06
6D 06 58 06 5A 06 67 06 70 06 55 06 7A 06 86 06 82 06 A1 06 7F 06 57 06 63 06 6C 06 59 06 34 06
38 06 2B 06 1D 06 1D 06 35 06 5C 06 72 06 55 06 47 06 33 06 3F 06 3F 06 3A 06 48 06 76 06 6E 06
2B 06 25 06 24 06 0E 06 29 06 19 06 6F 06 3B 06 44 06 39 06 39 06 3B 06 52 06 7F 06 7D 06 5B 06
43 06 5E 06 52 06 62 06 6B 06 31 06 5A 06 56 06 64 06 78 06 6C 06 77 06 77 06 4D 06 64 06 93 06
93 06 6B 06 68 06 69 06 90 06 83 06 3E 06 41 06 77 06 61 06 62 06 4C 06 5C 06 5C 06 45 06 6B 06
30 06 3D 06 29 06 31 06 33 06 31 06 4E 06 5A 06 17 06 13 06 11 06 1C 06 26 06 3F 06 83 06 3B 06
47 06 47 06 34 06 76 06 88 06 5C 06 58 06 54 06 33 06 31 06 43 06 4B 06 5D 06 21 06 4B 06 55 06
52 06 5A 06 5E 06 53 06 35 06 72 06 53 06 51 06 5C 06 62 06 72 06 79 06 48 06 6A 06 68 06 5E 06
6E 06 6F 06 70 06 67 06 5A 06 5A 06 6C 06 62 06 5B 06 67 06 6A 06 6C 06 79 06 25 06 2D 06 21 06
2C 06 31 06 33 06 37 06 64 06 25 06 2B 06 37 06 27 06 2B 06 3E 06 27 06 29 06 31 06 20 06 50 06
3C 06 20 06 1F 06 1B 06 21 06 2C 06 28 06 5A 06 27 06 33 06 3B 06 42 06 53 06 69 06 54 06 4D 06
4A 06 4C 06 4A 06 5A 06 50 06 60 06 2D 06 74 06 63 06 6F 06 63 06 6B 06 98 06 56 06 8E 06 9B 06
8B 06 A2 06 82 06 8B 06 3C 06 4A 06 77 06 6A 06 70 06 5A 06 5C 06 54 06 6B 06 21 06 1F 06 38 06
3B 06 3F 06 2B 06 35 06 41 06 40 06 6E 06 3C 06 44 06 3C 06 44 06 3B 06 31 06 24 06 26 06 44 06
35 06 3B 06 31 06 40 06 39 06 3B 06 45 06 27 06 43 06 4B 06 49 06 43 06 43 06 42 06 3F 06 58 06
4D 06 5F 06 52 06 74 06 74 06 7F 06 67 06 87 06 73 06 73 06 3C 06 4B 06 77 06 79 06 83 06 80 06
70 06 70 06 28 06 76 06 5A 06 5B 06 52 06 66 06 54 06 20 06 15 06 1D 06 11 06 09 06 09 06 13 06
05 06 3E 06 28 06 26 06 1B 06 2D 06 26 06 1C 06 27 06 5F 06 4B 06 21 06 23 06 14 06 16 06 FF 05
17 06 6B 06 82 06 48 06 39 06 49 06 49 06 63 06 4B 06 2F 06 57 06 50 06 52 06 4E 06 38 06 36 06
2C 06 2A 06 F9 05 09 06 57 06 67 06 5B 06 73 06 4F 06 23 06 04 06 58 06 45 06 4F 06 50 06 3E 06
3E 06 52 06 44 06 48 06 3A 06 3C 06 44 06 35 06 21 06 08 06 42 06 05 06 00 06 08 06 1B 06 09 06
05 06 0F 06 52 06 17 06 31 06 2C 06 28 06 26 06 2B 06 13 06 2C 06 08 06 0D 06 05 06 FB 05 01 06
07 06 15 06 23 06 29 06 2B 06 3B 06 30 06 23 06 33 06 33 06 32 06 04 06 F5 05 36 06 34 06 34 06
40 06 41 06 4F 06 22 06 24 06 62 06 5D 06 51 06 53 06 66 06 5B 06 12 06 52 06 4A 06 52 06 54 06
42 06 50 06 46 06 25 06 54 06 44 06 24 06 2F 06 21 06 1D 06 39 06 14 06 21 06 1F 06 27 06 1F 06
27 06 30 06 5C 06 3B 06 2D 06 24 06 1D 06 17 06 14 06 5A 06 1C 06 11 06 19 06 1D 06 14 06 29 06
6B 06 5B 06 43 06 40 06 49 06 4B 06 51 06 4E 06 38 06 5B 06 4B 06 48 06 4E 06 52 06 64 06 58 06
27 06 5A 06 6F 06 62 06 78 06 7B 06 2A 06 43 06 7F 06 78 06 73 06 72 06 77 06 66 06 31 06 37 06
55 06 5A 06 62 06 66 06 54 06 4C 06 4B 06 3C 06 45 06 40 06 41 06 3B 06 3B 06 37 06 27 06 70 06
29 06 29 06 2C 06 3C 06 3B 06 3D 06 35 06 6B 06 45 06 35 06 39 06 3B 06 3E 06 41 06 34 06 66 06
2B 06 37 06 4B 06 56 06 51 06 6A 06 72 06 3E 06 66 06 71 06 6C 06 6C 06 70 06 78 06 78 06 35 06
6E 06 7B 06 7B 06 78 06 7B 06 7A 06 6A 06 5D 06 73 06 70 06 70 06 62 06 63 06 4C 06 50 06 52 06
4E 06 4C 06 44 06 48 06 3F 06 31 06 31 06 39 06 72 06 5B 06 38 06 35 06 2F 06 2F 06 39 06 3A 06
2C 06 14 06 59 06 23 06 27 06 19 06 20 06 23 06 25 06 5B 06 5A 06 29 06 38 06 3F 06 33 06 23 06
28 06 4D 06 58 06 39 06 4A 06 2E 06 32 06 3C 06 46 06 24 06 38 06 4F 06 4D 06 53 06 63 06 29 06
44 06 74 06 73 06 71 06 72 06 63 06 6A 06 21 06 30 06 52 06 57 06 54 06 52 06 55 06 4E 06 44 06
29 06 3C 06 2E 06 0F 06 2D 06 31 06 29 06 25 06 56 06 5E 06 2D 06 35 06 19 06 29 06 33 06 2D 06
6C 06 24 06 17 06 24 06 20 06 54 06 37 06 35 06 63 06 FD 05 25 06 11 06 28 06 3D 06 2F 06 33 06
27 06 61 06 6E 06 67 06 62 06 6D 06 5E 06 5C 06 0C 06 4C 06 4E 06 4B 06 5E 06 71 06 55 06 59 06
39 06 8B 06 67 06 76 06 5D 06 B9 06 90 06 30 06 1F 06 AA 06 6A 06 1B 06 36 06 77 06 FC 05 40 06
29 06 4F 06 0E 06 41 06 21 06 31 06 39 06 0F 06 0C 06 7F 06 8B 06 02 06 30 06 37 06 0F 06 04 06
60 06 57 06 24 06 25 06 54 06 F3 05 03 06 27 06 24 06 4F 06 39 06 39 06 3F 06 1B 06 3B 06 5B 06
72 06 4E 06 6E 06 8A 06 6F 06 80 06 6E 06 6C 06 1B 06 7E 06 5B 06 5E 06 5D 06 61 06 58 06 78 06
3C 06 73 06 92 06 75 06 87 06 80 06 6A 06 66 06 83 06 27 06 57 06 4E 06 5C 06 40 06 38 06 3D 06
3D 06 48 06 88 06 48 06 41 06 57 06 45 06 63 06 4B 06 6A 06 6E 06 42 06 3C 06 44 06 50 06 7F 06
3C 06 4C 06 39 06 49 06 53 06 4D 06 44 06 9A 06 63 06 39 06 61 06 5B 06 76 06 4F 06 73 06 6C 06
27 06 72 06 8A 06 66 06 87 06 8A 06 86 06 41 06 88 06 77 06 7E 06 7B 06 71 06 7D 06 73 06 53 06
73 06 78 06 73 06 77 06 82 06 72 06 6E 06 64 06 67 06 66 06 66 06 54 06 44 06 48 06 37 06 71 06
14 06 34 06 39 06 31 06 2B 06 3F 06 39 06 2E 06 3E 06 3A 06 86 06 76 06 3F 06 3B 06 30 06 2C 06
2C 06 39 06 72 06 2D 06 3E 06 34 06 4D 06 31 06 3D 06 79 06 76 06 63 06 63 06 62 06 6A 06 6E 06
6F 06 41 06 6A 06 66 06 82 06 73 06 71 06 6D 06 76 06 27 06 58 06 5D 06 73 06 5A 06 73 06 69 06
68 06 21 06 21 06 62 06 5C 06 57 06 53 06 42 06 46 06 40 06 33 06 71 06 3C 06 3C 06 38 06 49 06
21 06 33 06 29 06 23 06 1F 06 1D 06 23 06 2A 06 29 06 24 06 2C 06 39 06 21 06 16 06 1C 06 16 06
6B 06 29 06 2F 06 40 06 38 06 29 06 2F 06 39 06 52 06 43 06 4B 06 47 06 4F 06 56 06 56 06 46 06
15 06 5A 06 6D 06 60 06 65 06 6B 06 62 06 73 06 48 06 78 06 65 06 73 06 76 06 63 06 69 06 5F 06
5E 06 5A 06 64 06 55 06 66 06 73 06 5A 06 6C 06 04 06 0C 06 30 06 2D 06 31 06 2D 06 25 06 25 06
5F 06 21 06 15 06 17 06 1B 06 17 06 20 06 1C 06 24 06 5A 06 14 06 F5 05 10 06 17 06 0D 06 09 06
17 06 5B 06 54 06 28 06 35 06 29 06 43 06 36 06 51 06 15 06 09 06 53 06 4E 06 58 06 4E 06 60 06
51 06 69 06 61 06 6C 06 67 06 63 06 6A 06 6D 06 78 06 36 06 6A 06 6B 06 75 06 68 06 5F 06 21 06
66 06 56 06 66 06 5B 06 52 06 36 06 52 06 28 06 58 06 21 06 39 06 1D 06 40 06 30 06 30 06 1D 06
39 06 1F 06 2B 06 23 06 27 06 30 06 5F 06 78 06 29 06 2C 06 24 06 2C 06 0D 06 17 06 5E 06 5A 06
19 06 34 06 3B 06 51 06 43 06 53 06 47 06 77 06 5B 06 66 06 6A 06 66 06 6A 06 64 06 70 06 2C 06
28 06 5F 06 59 06 56 06 63 06 5B 06 3D 06 7E 06 89 06 8A 06 7D 06 73 06 70 06 6B 06 62 06 2F 06
50 06 4F 06 5F 06 4E 06 52 06 44 06 30 06 5E 06 29 06 1C 06 1D 06 2B 06 35 06 1B 06 35 06 71 06
23 06 25 06 23 06 37 06 24 06 23 06 10 06 3C 06 20 06 0C 06 0E 06 03 06 05 06 25 06 14 06 23 06
10 06 13 06 39 06 37 06 37 06 2F 06 27 06 4E 06 14 06 3B 06 46 06 4A 06 4A 06 4F 06 55 06 4F 06
23 06 1D 06 56 06 4F 06 43 06 5D 06 5D 06 66 06 0D 06 4B 06 55 06 60 06 50 06 5A 06 4A 06 41 06
07 06 46 06 36 06 38 06 14 06 1D 06 14 06 47 06 0C 06 1C 06 1B 06 17 06 2B 06 1D 06 61 06 5E 06
27 06 28 06 16 06 27 06 19 06 20 06 4F 06 0D 06 00 06 ED 05 FB 05 F9 05 04 06 FD 05 51 06 21 06
28 06 13 06 1B 06 2F 06 3F 06 24 06 49 06 4A 06 4A 06 47 06 46 06 56 06 40 06 1B 06 52 06 4F 06
4F 06 5F 06 61 06 68 06 69 06 5E 06 1C 06 5E 06 63 06 5B 06 5B 06 62 06 56 06 52 06 0B 06 5B 06
4E 06 34 06 3C 06 2C 06 3C 06 5B 06 25 06 1C 06 23 06 23 06 2B 06 1B 06 25 06 1F 06 4A 06 17 06
17 06 13 06 0D 06 0B 06 0F 06 FD 05 2C 06 01 06 F5 05 FB 05 FF 05 05 06 21 06 19 06 0F 06 19 06
09 06 08 06 17 06 3B 06 57 06 6A 06 FF 05 3F 06 39 06 26 06 54 06 4A 06 48 06 53 06 14 06 5B 06
51 06 53 06 6B 06 5F 06 62 06 5F 06 51 06 78 06 63 06 72 06 56 06 58 06 67 06 67 06 6E 06 4C 06
44 06 54 06 48 06 37 06 3D 06 44 06 35 06 76 06 7A 06 53 06 47 06 47 06 35 06 39 06 36 06 5C 06
4E 06 35 06 3D 06 37 06 3C 06 2C 06 40 06 41 06 41 06 2F 06 48 06 51 06 59 06 59 06 8A 06 93 06
68 06 63 06 77 06 82 06 76 06 6E 06 49 06 31 06 6E 06 6E 06 71 06 6F 06 65 06 63 06 6F 06 29 06
78 06 83 06 96 06 87 06 8A 06 4C 06 89 06 7B 06 86 06 86 06 80 06 77 06 4F 06 4E 06 74 06 6C 06
6C 06 61 06 5B 06 44 06 64 06 81 06 9B 06 57 06 4F 06 57 06 57 06 53 06 4B 06 79 06 64 06 3F 06
43 06 2C 06 83 06 72 06 3F 06 35 06 39 06 31 06 3C 06 41 06 4D 06 7A 06 48 06 55 06 59 06 57 06
61 06 67 06 76 06 4C 06 21 06 6A 06 6A 06 5C 06 64 06 70 06 83 06 3C 06 76 06 81 06 69 06 6F 06
67 06 83 06 70 06 3B 06 86 06 7B 06 66 06 67 06 7A 06 75 06 6A 06 76 06 54 06 54 06 4C 06 48 06
41 06 31 06 2F 06 73 06 2F 06 41 06 2B 06 32 06 4A 06 3B 06 3A 06 76 06 3A 06 3A 06 3F 06 31 06
37 06 3C 06 3E 06 5C 06 3D 06 49 06 29 06 48 06 51 06 3B 06 3D 06 39 06 62 06 63 06 6B 06 66 06
6E 06 6B 06 6E 06 66 06 34 06 37 06 14 06 5F 06 5D 06 60 06 66 06 6F 06 6F 06 30 06 2C 06 66 06
5A 06 53 06 5F 06 62 06 70 06 27 06 2D 06 57 06 57 06 5A 06 3C 06 58 06 3C 06 31 06 3F 06 30 06
3C 06 29 06 3B 06 41 06 2B 06 2B 06 62 06 2B 06 21 06 34 06 22 06 2E 06 16 06 11 06 48 06 21 06
10 06 1D 06 19 06 14 06 19 06 28 06 5B 06 29 06 21 06 2D 06 38 06 33 06 49 06 52 06 34 06 52 06
5E 06 58 06 6A 06 6D 06 6C 06 56 06 21 06 55 06 64 06 60 06 4F 06 5B 06 57 06 53 06 29 06 6D 06
53 06 5A 06 70 06 62 06 66 06 68 06 6E 06 62 06 52 06 3C 06 4C 06 2C 06 25 06 24 06 1C 06 5A 06
2B 06 13 06 2B 06 2C 06 51 06 63 06 53 06 7F 06 70 06 1E 06 39 06 37 06 37 06 36 06 38 06 7A 06
41 06 23 06 2B 06 38 06 2C 06 3B 06 38 06 35 06 3C 06 63 06 5F 06 67 06 6E 06 76 06 7A 06 47 06
81 06 64 06 6E 06 84 06 7F 06 7F 06 21 06 27 06 73 06 6F 06 71 06 7E 06 78 06 7B 06 2B 06 37 06
67 06 73 06 76 06 6A 06 57 06 21 06 52 06 4A 06 4C 06 38 06 45 06 40 06 43 06 27 06 25 06 27 06
21 06 23 06 19 06 19 06 53 06 28 06 13 06 1E 06 1C 06 2A 06 30 06 20 06 2C 06 56 06 1C 06 25 06
1D 06 1D 06 38 06 31 06 39 06 5C 06 35 06 48 06 43 06 53 06 5E 06 4E 06 5B 06 31 06 1D 06 60 06
5A 06 64 06 5B 06 5F 06 64 06 29 06 4F 06 5B 06 58 06 59 06 41 06 12 06 5A 06 49 06 4A 06 52 06
50 06 56 06 4D 06 0D 06 4F 06 4E 06 3C 06 38 06 40 06 2C 06 1D 06 33 06 21 06 19 06 21 06 09 06
14 06 11 06 14 06 4A 06 0B 06 1E 06 1A 06 1F 06 03 06 17 06 23 06 2C 06 14 06 0F 06 23 06 1C 06
1C 06 1C 06 19 06 2B 06 3B 06 3F 06 61 06 53 06 5A 06 5A 06 68 06 25 06 5C 06 46 06 60 06 54 06
60 06 5D 06 6C 06 66 06 6F 06 5F 06 2A 06 29 06 6B 06 73 06 71 06 69 06 6B 06 6A 06 2F 06 7A 06
6F 06 72 06 57 06 44 06 4C 06 2D 06 17 06 21 06 21 06 34 06 28 06 35 06 31 06 62 06 2B 06 37 06
30 06 2D 06 36 06 33 06 62 06 2E 06 34 06 2B 06 16 06 2F 06 29 06 66 06 4E 06 15 06 25 06 31 06
2C 06 35 06 31 06 65 06 49 06 43 06 39 06 35 06 3E 06 42 06 46 06 3B 06 05 06 4C 06 49 06 3C 06
3D 06 53 06 46 06 43 06 13 06 37 06 57 06 33 06 43 06 43 06 4B 06 53 06 05 06 40 06 46 06 56 06
47 06 46 06 52 06 4C 06 19 06 3C 06 25 06 18 06 0D 06 28 06 21 06 11 06 5A 06 2D 06 24 06 25 06
2B 06 23 06 1C 06 26 06 5E 06 1F 06 27 06 05 06 2C 06 29 06 0F 06 17 06 17 06 18 06 2D 06 29 06
2B 06 3B 06 42 06 2B 06 0D 06 43 06 3F 06 4E 06 46 06 56 06 5C 06 5A 06 5C 06 1E 06 56 06 65 06
72 06 67 06 5B 06 61 06 95 06 55 06 4F 06 88 06 5B 06 4B 06 6A 06 64 06 6A 06 29 06 39 06 52 06
62 06 54 06 34 06 25 06 48 06 2A 06 31 06 38 06 29 06 25 06 27 06 1D 06 27 06 58 06 2B 06 1C 06
2C 06 37 06 1F 06 33 06 6F 06 5A 06 34 06 2C 06 3D 06 33 06 2D 06 45 06 3B 06 34 06 3D 06 39 06
48 06 43 06 5B 06 64 06 57 06 62 06 5E 06 6A 06 66 06 6A 06 34 06 78 06 7F 06 77 06 73 06 6F 06
6B 06 65 06 3B 06 41 06 77 06 83 06 83 06 78 06 73 06 5E 06 62 06 5C 06 69 06 50 06 5E 06 60 06
48 06 4E 06 44 06 4B 06 77 06 40 06 33 06 3D 06 3F 06 3B 06 3D 06 70 06 6D 06 37 06 38 06 4C 06
4A 06 2B 06 50 06 35 06 3C 06 3B 06 34 06 31 06 2B 06 21 06 2C 06 3B 06 39 06 53 06 48 06 49 06
5F 06 5B 06 61 06 3C 06 62 06 6F 06 64 06 72 06 6E 06 72 06 71 06 2F 06 89 06 77 06 73 06 7D 06
83 06 6F 06 86 06 70 06 86 06 8B 06 A3 06 97 06 90 06 8A 06 81 06 84 06 6C 06 72 06 5E 06 5C 06
50 06 45 06 45 06 3D 06 5E 06 6D 06 2B 06 3D 06 3B 06 49 06 46 06 4B 06 6B 06 77 06 3C 06 4D 06
3B 06 3B 06 24 06 2E 06 5F 06 33 06 37 06 45 06 37 06 45 06 61 06 55 06 76 06 49 06 69 06 5F 06
6F 06 76 06 72 06 4D 06 6D 06 68 06 66 06 6C 06 68 06 2D 06 2F 06 7A 06 73 06 75 06 83 06 7D 06
72 06 39 06 39 06 5F 06 60 06 81 06 72 06 66 06 47 06 19 06 23 06 56 06 4C 06 3C 06 3D 06 44 06
2D 06 39 06 26 06 2C 06 18 06 2B 06 1F 06 17 06 33 06 56 06 39 06 2D 06 26 06 24 06 23 06 1B 06
14 06 11 06 63 06 2D 06 29 06 2B 06 27 06 39 06 31 06 39 06 6A 06 33 06 4B 06 51 06 53 06 56 06
29 06 62 06 58 06 5B 06 66 06 54 06 6A 06 58 06 5C 06 6B 06 34 06 5F 06 6D 06 69 06 78 06 67 06
6F 06 6F 06 55 06 68 06 5E 06 6A 06 6A 06 65 06 62 06 67 06 68 06 73 06 58 06 44 06 37 06 39 06
38 06 45 06 78 06 47 06 31 06 27 06 35 06 31 06 33 06 30 06 6C 06 20 06 2B 06 31 06 3F 06 37 06
2F 06 28 06 24 06 76 06 65 06 7C 06 61 06 51 06 43 06 21 06 42 06 39 06 57 06 6F 06 4B 06 62 06
78 06 66 06 54 06 62 06 31 06 66 06 75 06 7F 06 80 06 82 06 82 06 83 06 8F 06 62 06 7A 06 75 06
6B 06 73 06 63 06 63 06 72 06 6E 06 65 06 56 06 52 06 4A 06 46 06 44 06 25 06 29 06 25 06 59 06
08 06 18 06 25 06 2B 06 1D 06 23 06 23 06 62 06 12 06 14 06 17 06 15 06 10 06 07 06 03 06 19 06
0B 06 09 06 FD 05 0D 06 1C 06 19 06 3B 06 2D 06 44 06 34 06 43 06 52 06 62 06 5E 06 58 06 56 06
21 06 20 06 60 06 70 06 61 06 61 06 67 06 66 06 1E 06 3B 06 5F 06 69 06 72 06 5D 06 58 06 59 06
1D 06 56 06 52 06 47 06 46 06 3A 06 3E 06 4B 06 10 06 2C 06 2C 06 1C 06 11 06 14 06 01 06 32 06
F9 05 F5 05 FD 05 0F 06 FE 05 09 06 28 06 58 06 04 06 1C 06 0C 06 00 06 07 06 0E 06 FE 05 47 06
56 06 15 06 14 06 19 06 1D 06 1B 06 25 06 2F 06 45 06 1D 06 5B 06 53 06 4A 06 52 06 44 06 47 06
15 06 1C 06 3A 06 40 06 54 06 5E 06 5E 06 59 06 1B 06 6B 06 52 06 5F 06 4F 06 68 06 63 06 66 06
56 06 63 06 4A 06 3F 06 37 06 2F 06 26 06 1C 06 3F 06 21 06 14 06 14 06 24 06 2C 06 1B 06 21 06
29 06 05 06 0F 06 15 06 04 06 14 06 F8 05 11 06 10 06 01 06 13 06 58 06 24 06 F9 05 FC 05 0F 06
09 06 14 06 19 06 3E 06 07 06 22 06 21 06 3B 06 3F 06 4A 06 4A 06 2E 06 58 06 54 06 58 06 4A 06
54 06 51 06 29 06 52 06 58 06 6B 06 61 06 63 06 6B 06 66 06 25 06 24 06 63 06 70 06 6A 06 63 06
6E 06 5F 06 6F 06 35 06 56 06 50 06 40 06 3C 06 31 06 39 06 2F 06 59 06 83 06 27 06 45 06 37 06
3D 06 23 06 3F 06 64 06 58 06 2E 06 2B 06 11 06 35 06 15 06 24 06 6B 06 1D 06 1B 06 28 06 25 06
2D 06 2D 06 3F 06 76 06 4B 06 5F 06 63 06 63 06 5B 06 66 06 66 06 39 06 6E 06 60 06 62 06 60 06
6D 06 6F 06 66 06 38 06 71 06 78 06 7B 06 6A 06 6E 06 68 06 78 06 5E 06 5B 06 4A 06 50 06 5C 06
4E 06 56 06 44 06 44 06 79 06 82 06 46 06 31 06 20 06 11 06 2B 06 23 06 52 06 59 06 13 06 1E 06
1B 06 15 06 22 06 24 06 58 06 46 06 30 06 2D 06 14 06 1C 06 20 06 21 06 4B 06 3F 06 21 06 09 06
23 06 29 06 2B 06 43 06 56 06 51 06 62 06 60 06 52 06 62 06 5B 06 31 06 66 06 5C 06 68 06 69 06
60 06 62 06 5E 06 23 06 34 06 57 06 52 06 63 06 68 06 5B 06 62 06 5E 06 5E 06 66 06 5F 06 57 06
50 06 4E 06 4C 06 40 06 39 06 73 06 39 06 35 06 3D 06 30 06 43 06 37 06 6A 06 63 06 29 06 39 06
27 06 2A 06 2E 06 2F 06 57 06 2D 06 25 06 29 06 21 06 31 06 2F 06 2F 06 2D 06 24 06 21 06 2D 06
2D 06 4B 06 3A 06 50 06 26 06 57 06 67 06 5F 06 58 06 54 06 54 06 5C 06 25 06 5F 06 6B 06 67 06
67 06 6F 06 39 06 68 06 5A 06 6E 06 6A 06 6B 06 63 06 66 06 5E 06 74 06 6A 06 67 06 5A 06 56 06
5A 06 44 06 4D 06 29 06 19 06 18 06 28 06 39 06 23 06 33 06 64 06 37 06 2F 06 29 06 17 06 20 06
24 06 22 06 20 06 7B 06 24 06 20 06 15 06 21 06 1B 06 25 06 38 06 5D 06 21 06 41 06 43 06 39 06
53 06 51 06 5F 06 2D 06 2C 06 64 06 72 06 5E 06 6E 06 6E 06 6C 06 6F 06 78 06 6F 06 45 06 87 06
78 06 81 06 7B 06 6B 06 73 06 77 06 8B 06 76 06 92 06 86 06 8D 06 77 06 77 06 6E 06 60 06 78 06
6E 06 58 06 6A 06 4D 06 51 06 40 06 49 06 87 06 45 06 55 06 47 06 3B 06 4C 06 3D 06 3A 06 73 06
50 06 49 06 47 06 44 06 40 06 34 06 4F 06 40 06 3C 06 44 06 49 06 53 06 51 06 56 06 4F 06 3B 06
63 06 76 06 6E 06 7E 06 88 06 8F 06 8C 06 9C 06 57 06 53 06 8B 06 89 06 8B 06 8E 06 91 06 88 06
39 06 4F 06 82 06 8B 06 9D 06 89 06 72 06 7E 06 3F 06 72 06 5F 06 76 06 66 06 5E 06 54 06 51 06
47 06 6D 06 40 06 40 06 3F 06 31 06 1D 06 2D 06 27 06 2D 06 60 06 4C 06 2C 06 3C 06 3B 06 20 06
27 06 20 06 68 06 28 06 23 06 1B 06 19 06 1C 06 14 06 21 06 31 06 5E 06 43 06 43 06 43 06 42 06
3F 06 42 06 28 06 4F 06 8E 06 7E 06 6C 06 59 06 57 06 30 06 04 06 52 06 51 06 4A 06 3B 06 4A 06
3F 06 58 06 27 06 45 06 56 06 43 06 42 06 40 06 30 06 3E 06 3E 06 2E 06 1E 06 17 06 1C 06 09 06
11 06 1C 06 52 06 15 06 0F 06 1B 06 17 06 1A 06 27 06 1D 06 1E 06 60 06 63 06 22 06 25 06 27 06
34 06 1F 06 1D 06 68 06 17 06 1C 06 20 06 0D 06 18 06 17 06 23 06 11 06 05 06 39 06 33 06 42 06
3A 06 46 06 3F 06 0C 06 52 06 4E 06 48 06 48 06 58 06 4B 06 0E 06 38 06 5D 06 4B 06 6E 06 72 06
68 06 63 06 25 06 1B 06 52 06 56 06 55 06 47 06 3E 06 3C 06 2D 06 1E 06 25 06 29 06 1D 06 19 06
1D 06 19 06 1F 06 4A 06 46 06 17 06 10 06 09 06 06 06 18 06 09 06 0E 06 50 06 17 06 20 06 1C 06
20 06 13 06 13 06 15 06 0F 06 1B 06 1C 06 23 06 20 06 2E 06 4B 06 47 06 3F 06 17 06 5A 06 66 06
48 06 73 06 6A 06 72 06 52 06 27 06 74 06 64 06 5E 06 5A 06 68 06 53 06 4F 06 68 06 1C 06 5B 06
62 06 7B 06 62 06 5A 06 56 06 52 06 30 06 4E 06 40 06 48 06 34 06 34 06 2C 06 38 06 23 06 39 06
33 06 3B 06 37 06 37 06 70 06 86 06 43 06 49 06 54 06 4C 06 52 06 49 06 9E 06 6C 06 50 06 43 06
41 06 45 06 59 06 46 06 76 06 48 06 49 06 3B 06 53 06 4F 06 56 06 59 06 5C 06 76 06 70 06 76 06
6A 06 6A 06 6E 06 39 06 55 06 6A 06 6E 06 60 06 79 06 58 06 5F 06 25 06 2C 06 79 06 70 06 72 06
77 06 76 06 65 06 33 06 19 06 4E 06 27 06 44 06 3C 06 2D 06 21 06 39 06 5B 06 1C 06 33 06 23 06
25 06 35 06 17 06 23 06 19 06 26 06 54 06 34 06 22 06 11 06 31 06 1C 06 08 06 14 06 27 06 1D 06
28 06 25 06 2C 06 25 06 23 06 1B 06 1F 06 34 06 2F 06 33 06 5E 06 4E 06 4E 06 4A 06 1C 06 44 06
4D 06 4E 06 48 06 4C 06 53 06 46 06 4F 06 1E 06 29 06 56 06 4E 06 59 06 53 06 56 06 52 06 1C 06
4A 06 42 06 37 06 52 06 52 06 40 06 34 06 1E 06 2F 06 13 06 05 06 00 06 13 06 21 06 11 06 0F 06
0B 06 3E 06 10 06 27 06 3C 06 44 06 33 06 05 06 01 06 42 06 1D 06 0C 06 FB 05 05 06 0F 06 15 06
20 06 1F 06 1D 06 31 06 33 06 3F 06 53 06 4F 06 4A 06 62 06 52 06 09 06 44 06 54 06 50 06 4A 06
4E 06 65 06 52 06 14 06 56 06 59 06 61 06 67 06 5F 06 66 06 6D 06 53 06 5E 06 66 06 52 06 56 06
47 06 4B 06 50 06 32 06 2F 06 58 06 31 06 11 06 15 06 1C 06 24 06 27 06 54 06 6B 06 31 06 23 06
1B 06 1B 06 1A 06 08 06 25 06 0A 06 15 06 0B 06 2C 06 14 06 29 06 27 06 76 06 2D 06 20 06 30 06
33 06 36 06 3B 06 4E 06 6F 06 4F 06 4F 06 63 06 56 06 63 06 58 06 29 06 70 06 5F 06 74 06 6D 06
64 06 7B 06 82 06 39 06 71 06 7F 06 82 06 8A 06 83 06 83 06 8B 06 77 06 2C 06 62 06 81 06 75 06
5E 06 56 06 5C 06 64 06 5B 06 83 06 31 06 49 06 51 06 3F 06 33 06 37 06 86 06 43 06 3B 06 41 06
39 06 34 06 44 06 2D 06 56 06 23 06 36 06 3C 06 3D 06 1D 06 37 06 37 06 39 06 34 06 48 06 49 06
39 06 4B 06 58 06 63 06 36 06 66 06 8E 06 86 06 6C 06 5F 06 7A 06 7A 06 7E 06 49 06 64 06 7F 06
9A 06 98 06 9D 06 91 06 83 06 2B 06 8B 06 89 06 91 06 73 06 8A 06 82 06 7F 06 40 06 74 06 66 06
66 06 4E 06 4C 06 47 06 3D 06 76 06 54 06 40 06 43 06 3F 06 37 06 43 06 39 06 1B 06 25 06 2B 06
2E 06 26 06 3F 06 33 06 40 06 83 06 3C 06 21 06 2B 06 2D 06 3B 06 29 06 62 06 64 06 43 06 4A 06
4B 06 56 06 51 06 56 06 3D 06 6A 06 69 06 78 06 82 06 6E 06 90 06 3F 06 79 06 7F 06 8A 06 86 06
81 06 79 06 35 06 55 06 7A 06 73 06 6B 06 73 06 7B 06 90 06 41 06 45 06 63 06 6E 06 5E 06 54 06
44 06 3D 06 4D 06 59 06 35 06 29 06 1D 06 2B 06 3D 06 1B 06 17 06 5E 06 4E 06 10 06 20 06 1F 06
1E 06 25 06 35 06 6D 06 2F 06 20 06 15 06 25 06 17 06 21 06 2F 06 72 06 59 06 49 06 6B 06 63 06
59 06 67 06 73 06 3F 06 76 06 8B 06 70 06 8E 06 84 06 7C 06 7C 06 35 06 87 06 79 06 79 06 6F 06
86 06 67 06 6A 06 5F 06 B0 06 9F 06 90 06 6E 06 69 06 47 06 79 06 5A 06 66 06 58 06 40 06 37 06
1F 06 1D 06 19 06 4D 06 1D 06 23 06 25 06 19 06 0F 06 07 06 11 06 17 06 60 06 57 06 01 06 13 06
05 06 04 06 14 06 20 06 59 06 47 06 09 06 0D 06 08 06 0D 06 21 06 23 06 55 06 3B 06 47 06 4F 06
4E 06 56 06 5A 06 56 06 1D 06 62 06 76 06 70 06 6F 06 68 06 5B 06 31 06 48 06 6D 06 68 06 6D 06
6F 06 6E 06 41 06 63 06 69 06 6B 06 76 06 60 06 4B 06 28 06 26 06 4E 06 4C 06 35 06 3C 06 35 06
29 06 45 06 20 06 33 06 25 06 27 06 3F 06 22 06 36 06 60 06 31 06 2F 06 24 06 1B 06 23 06 01 06
07 06 1C 06 10 06 19 06 07 06 1D 06 1C 06 31 06 28 06 28 06 6C 06 1E 06 49 06 41 06 47 06 47 06
4E 06 52 06 31 06 1B 06 52 06 5A 06 6D 06 60 06 58 06 20 06 69 06 6F 06 59 06 58 06 51 06 52 06
56 06 6B 06 13 06 50 06 62 06 4C 06 47 06 57 06 4B 06 50 06 55 06 38 06 3C 06 49 06 3D 06 38 06
28 06 3B 06 67 06 13 06 25 06 1B 06 07 06 10 06 07 06 10 06 4A 06 FC 05 04 06 FB 05 EC 05 F4 05
E7 05 E9 05 F5 05 FD 05 FC 05 04 06 08 06 11 06 F1 05 07 06 03 06 04 06 F5 05 23 06 2E 06 2E 06
2A 06 3A 06 3E 06 07 06 04 06 44 06 54 06 43 06 4F 06 53 06 5D 06 3E 06 56 06 47 06 49 06 43 06
48 06 3D 06 4B 06 15 06 52 06 52 06 42 06 44 06 3A 06 1C 06 28 06 0B 06 15 06 25 06 2C 06 21 06
23 06 4F 06 67 06 26 06 0F 06 0D 06 10 06 26 06 10 06 51 06 0C 06 1B 06 21 06 20 06 14 06 14 06
5A 06 62 06 20 06 2D 06 2D 06 3B 06 2D 06 49 06 59 06 4C 06 47 06 52 06 4A 06 60 06 56 06 6A 06
61 06 2D 06 6A 06 6E 06 58 06 63 06 4F 06 4F 06 29 06 59 06 58 06 5E 06 5E 06 65 06 62 06 63 06
72 06 24 06 60 06 5C 06 65 06 62 06 5A 06 44 06 4C 06 4F 06 3C 06 39 06 31 06 41 06 2D 06 33 06
31 06 5E 06 3B 06 3B 06 30 06 29 06 2E 06 22 06 13 06 5E 06 2B 06 21 06 2C 06 2C 06 35 06 25 06
31 06 23 06 1C 06 39 06 69 06 65 06 50 06 42 06 53 06 FE 05 56 06 5A 06 6F 06 56 06 68 06 62 06
62 06 1C 06 69 06 61 06 6B 06 4F 06 5E 06 59 06 6F 06 6B 06 2D 06 5D 06 7B 06 78 06 70 06 5B 06
6A 06 5C 06 5B 06 1D 06 47 06 4C 06 5C 06 45 06 45 06 3F 06 2F 06 5F 06 34 06 3B 06 35 06 41 06
55 06 53 06 5C 06 78 06 69 06 50 06 3F 06 4C 06 45 06 40 06 2E 06 4C 06 3D 06 2B 06 33 06 4D 06
51 06 5D 06 61 06 63 06 7F 06 4C 06 6B 06 5B 06 77 06 7A 06 7E 06 76 06 51 06 76 06 82 06 7E 06
74 06 7F 06 5E 06 7A 06 44 06 7D 06 80 06 7B 06 7A 06 7B 06 82 06 8A 06 70 06 76 06 7A 06 77 06
67 06 67 06 67 06 5E 06 68 06 50 06 54 06 2B 06 3D 06 51 06 40 06 41 06 7B 06 47 06 4D 06 3E 06
43 06 50 06 40 06 8B 06 3F 06 3C 06 43 06 47 06 44 06 3C 06 39 06 43 06 2B 06 8A 06 4D 06 58 06
58 06 4B 06 52 06 38 06 59 06 34 06 3B 06 67 06 72 06 72 06 78 06 72 06 74 06 30 06 62 06 5C 06
53 06 67 06 6B 06 4F 06 35 06 48 06 71 06 6B 06 5F 06 72 06 65 06 63 06 24 06 2D 06 6A 06 53 06
57 06 5E 06 56 06 3C 06 31 06 1D 06 31 06 3D 06 38 06 2B 06 3B 06 39 06 33 06 37 06 6D 06 33 06
3F 06 37 06 34 06 27 06 18 06 1B 06 3C 06 1D 06 20 06 1D 06 1F 06 1D 06 35 06 2C 06 3B 06 2D 06
23 06 27 06 38 06 2B 06 3B 06 46 06 4A 06 5E 06 45 06 5A 06 66 06 60 06 5C 06 58 06 6C 06 69 06
64 06 56 06 12 06 39 06 5F 06 57 06 6F 06 6D 06 6D 06 4A 06 1C 06 5A 06 47 06 57 06 5E 06 33 06
3E 06 3C 06 21 06 35 06 15 06 0D 06 0D 06 25 06 18 06 4E 06 1B 06 25 06 2F 06 1F 06 10 06 1A 06
06 06 49 06 47 06 09 06 1B 06 20 06 1C 06 24 06 25 06 24 06 67 06 20 06 2B 06 3D 06 41 06 29 06
23 06 3B 06 48 06 4B 06 46 06 42 06 F8 05 1F 06 53 06 3C 06 4E 06 33 06 3D 06 42 06 46 06 3E 06
03 06 49 06 49 06 3B 06 5F 06 3D 06 49 06 53 06 05 06 2F 06 42 06 3E 06 2E 06 37 06 30 06 1C 06
19 06 49 06 09 06 25 06 51 06 4C 06 31 06 11 06 46 06 0B 06 1D 06 26 06 2B 06 13 06 11 06 FA 05
33 06 07 06 01 06 04 06 09 06 07 06 09 06 0F 06 25 06 6A 06 33 06 1D 06 41 06 49 06 3B 06 4F 06
51 06 5B 06 6D 06 25 06 1D 06 68 06 62 06 60 06 6A 06 70 06 84 06 2B 06 21 06 7B 06 6B 06 7D 06
78 06 6F 06 6B 06 20 06 72 06 78 06 70 06 72 06 5E 06 2C 06 4A 06 47 06 3A 06 34 06 20 06 40 06
34 06 53 06 4D 06 1D 06 2C 06 1D 06 15 06 2B 06 2B 06 19 06 23 06 23 06 2B 06 24 06 23 06 13 06
50 06 23 06 17 06 28 06 24 06 3F 06 37 06 34 06 70 06 6A 06 49 06 41 06 29 06 2D 06 5F 06 4F 06
56 06 72 06 66 06 6E 06 56 06 54 06 60 06 60 06 4E 06 21 06 6E 06 67 06 66 06 7A 06 6D 06 62 06
67 06 0C 06 46 06 63 06 5E 06 5A 06 63 06 67 06 63 06 1D 06 60 06 3E 06 48 06 3C 06 39 06 2D 06
21 06 43 06 2D 06 39 06 33 06 1F 06 25 06 2F 06 38 06 66 06 17 06 22 06 1F 06 22 06 37 06 25 06
10 06 34 06 17 06 11 06 2F 06 35 06 1C 06 3C 06 3D 06 3F 06 43 06 3F 06 53 06 51 06 53 06 4F 06
66 06 27 06 63 06 5C 06 5B 06 52 06 62 06 60 06 74 06 67 06 1F 06 68 06 5D 06 48 06 3F 06 51 06
43 06 3E 06 04 06 46 06 62 06 5A 06 57 06 63 06 5A 06 44 06 1F 06 69 06 34 06 31 06 21 06 1D 06
1D 06 5F 06 2B 06 11 06 25 06 14 06 15 06 10 06 FF 05 33 06 10 06 06 06 04 06 F7 05 03 06 0C 06
FF 05 43 06 4B 06 FD 05 05 06 02 06 10 06 09 06 1B 06 40 06 40 06 19 06 23 06 37 06 32 06 32 06
04 06 44 06 5A 06 4C 06 4C 06 51 06 58 06 15 06 42 06 56 06 58 06 53 06 4B 06 4E 06 6F 06 FD 05
0C 06 43 06 4B 06 5A 06 50 06 46 06 53 06 56 06 0F 06 34 06 34 06 0E 06 25 06 25 06 21 06 21 06
4E 06 66 06 2F 06 3B 06 1F 06 27 06 37 06 1B 06 60 06 38 06 08 06 05 06 0F 06 06 06 10 06 16 06
51 06 0D 06 15 06 1E 06 1C 06 1D 06 56 06 1A 06 4B 06 47 06 4B 06 43 06 66 06 5A 06 3F 06 3C 06
66 06 5A 06 52 06 78 06 AC 06 B3 06 59 06 6B 06 59 06 51 06 63 06 7B 06 68 06 76 06 4F 06 6F 06
70 06 5A 06 6A 06 5F 06 5D 06 5D 06 5C 06 54 06 60 06 4E 06 3C 06 2B 06 3C 06 31 06 6B 06 31 06
29 06 21 06 23 06 2C 06 2D 06 3A 06 6A 06 26 06 26 06 35 06 29 06 14 06 20 06 2F 06 40 06 33 06
3F 06 25 06 37 06 51 06 49 06 45 06 4D 06 62 06 43 06 6B 06 6F 06 6B 06 76 06 76 06 73 06 45 06
36 06 72 06 6E 06 78 06 73 06 6B 06 6F 06 37 06 6D 06 72 06 5A 06 65 06 81 06 78 06 31 06 3D 06
7B 06 5E 06 60 06 6B 06 67 06 53 06 40 06 6A 06 40 06 31 06 34 06 29 06 29 06 24 06 5E 06 1D 06
1F 06 25 06 23 06 1C 06 23 06 32 06 62 06 76 06 2F 06 19 06 2D 06 20 06 EE 05 05 06 0F 06 4B 06
23 06 30 06 28 06 1D 06 21 06 35 06 41 06 60 06 2B 06 57 06 5A 06 66 06 66 06 76 06 6A 06 40 06
74 06 6A 06 63 06 64 06 6F 06 87 06 59 06 51 06 7E 06 77 06 8B 06 72 06 77 06 7B 06 82 06 6E 06
84 06 82 06 67 06 66 06 66 06 4C 06 34 06 6F 06 3D 06 21 06 35 06 4B 06 37 06 3D 06 47 06 35 06
37 06 30 06 69 06 6A 06 48 06 3F 06 30 06 37 06 31 06 24 06 63 06 4C 06 2D 06 47 06 4B 06 58 06
3D 06 51 06 76 06 55 06 6B 06 69 06 73 06 6B 06 6E 06 50 06 5E 06 72 06 6C 06 7C 06 6A 06 70 06
76 06 7F 06 6B 06 6F 06 6B 06 5C 06 68 06 5D 06 2D 06 5A 06 88 06 70 06 73 06 62 06 63 06 33 06
37 06 60 06 6E 06 5C 06 4C 06 44 06 33 06 31 06 45 06 78 06 47 06 61 06 51 06 59 06 53 06 51 06
5B 06 4A 06 8F 06 56 06 43 06 50 06 3F 06 3E 06 3C 06 44 06 65 06 23 06 23 06 2D 06 28 06 41 06
3D 06 51 06 56 06 7C 06 5D 06 76 06 73 06 72 06 7B 06 78 06 85 06 86 06 92 06 51 06 4F 06 78 06
83 06 60 06 81 06 9F 06 91 06 5F 06 8F 06 9E 06 8F 06 9A 06 82 06 87 06 8E 06 4D 06 65 06 8E 06
76 06 76 06 6C 06 54 06 50 06 6D 06 47 06 35 06 40 06 39 06 41 06 43 06 7A 06 4C 06 3F 06 43 06
3A 06 1C 06 26 06 35 06 A7 06 73 06 4D 06 0C 06 31 06 0B 06 15 06 1D 06 1D 06 29 06 43 06 39 06
5B 06 6B 06 73 06 79 06 7A 06 76 06 72 06 64 06 60 06 56 06 2D 06 6E 06 55 06 58 06 63 06 5B 06
61 06 53 06 51 06 1B 06 46 06 4E 06 56 06 51 06 4B 06 50 06 42 06 08 06 39 06 15 06 1B 06 FE 05
F4 05 F8 05 0D 06 01 06 33 06 EC 05 ED 05 FF 05 F9 05 05 06 F7 05 34 06 F9 05 1F 06 10 06 0E 06
0F 06 FF 05 17 06 00 06 1C 06 33 06 0C 06 0F 06 FD 05 0B 06 0F 06 14 06 1D 06 0B 06 3A 06 11 06
2A 06 3B 06 46 06 56 06 49 06 46 06 1B 06 3D 06 36 06 3C 06 38 06 44 06 4D 06 47 06 0D 06 3B 06
39 06 3B 06 43 06 36 06 43 06 3F 06 F3 05 2E 06 42 06 3B 06 42 06 45 06 36 06 08 06 07 06 17 06
1C 06 24 06 05 06 15 06 15 06 35 06 F7 05 0B 06 03 06 07 06 0D 06 05 06 00 06 1E 06 16 06 17 06
0C 06 17 06 06 06 04 06 51 06 1D 06 05 06 0C 06 19 06 2C 06 19 06 63 06 55 06 33 06 3E 06 43 06
43 06 4F 06 57 06 3C 06 6F 06 66 06 62 06 4C 06 60 06 6A 06 5F 06 5A 06 54 06 5A 06 3B 06 53 06
49 06 6F 06 67 06 69 06 15 06 4E 06 56 06 57 06 63 06 57 06 5B 06 46 06 1D 06 6D 06 34 06 14 06
24 06 0D 06 FC 05 10 06 50 06 19 06 15 06 0F 06 25 06 17 06 17 06 FF 05 3C 06 FE 05 17 06 10 06
17 06 13 06 15 06 0E 06 11 06 FB 05 F9 05 15 06 14 06 19 06 27 06 2B 06 34 06 5B 06 49 06 4A 06
57 06 6A 06 6A 06 66 06 34 06 64 06 60 06 60 06 6C 06 72 06 5B 06 61 06 68 06 1F 06 6F 06 72 06
5F 06 7A 06 81 06 73 06 6B 06 2F 06 76 06 81 06 6E 06 66 06 77 06 45 06 68 06 5C 06 4D 06 4D 06
49 06 45 06 9A 06 5F 06 4B 06 41 06 4F 06 3F 06 47 06 34 06 44 06 7B 06 77 06 33 06 33 06 45 06
44 06 54 06 41 06 90 06 54 06 44 06 3C 06 4D 06 48 06 61 06 3D 06 5F 06 82 06 79 06 73 06 72 06
8A 06 7E 06 78 06 7A 06 48 06 7E 06 6D 06 8D 06 74 06 63 06 76 06 61 06 78 06 31 06 82 06 80 06
6B 06 71 06 79 06 92 06 CA 06 90 06 96 06 53 06 6A 06 56 06 64 06 54 06 49 06 47 06 3F 06 78 06
33 06 45 06 47 06 3F 06 2F 06 3D 06 50 06 72 06 44 06 3F 06 30 06 2E 06 27 06 27 06 2C 06 37 06
19 06 21 06 1B 06 29 06 1F 06 3D 06 48 06 29 06 44 06 33 06 49 06 3B 06 4F 06 4E 06 46 06 3E 06
04 06 05 06 36 06 46 06 3F 06 39 06 1F 06 2D 06 25 06 67 06 68 06 68 06 62 06 5A 06 1C 06 3B 06
53 06 62 06 5B 06 56 06 62 06 4B 06 30 06 42 06 46 06 44 06 24 06 44 06 21 06 28 06 30 06 35 06
33 06 3B 06 29 06 16 06 17 06 23 06 15 06 0D 06 14 06 2F 06 2B 06 33 06 17 06 48 06 52 06 20 06
2F 06 24 06 2C 06 38 06 29 06 52 06 5A 06 17 06 36 06 38 06 3F 06 32 06 66 06 66 06 35 06 74 06
6E 06 76 06 7C 06 6E 06 6C 06 72 06 69 06 82 06 71 06 6F 06 72 06 67 06 5F 06 65 06 27 06 52 06
87 06 86 06 72 06 67 06 5E 06 57 06 38 06 54 06 34 06 1B 06 11 06 11 06 05 06 10 06 48 06 23 06
27 06 0F 06 15 06 19 06 1B 06 0E 06 60 06 24 06 31 06 23 06 24 06 24 06 04 06 1C 06 27 06 1F 06
1D 06 34 06 43 06 41 06 53 06 4B 06 2C 06 3B 06 57 06 47 06 56 06 62 06 66 06 54 06 6B 06 6E 06
6E 06 21 06 1B 06 59 06 57 06 59 06 63 06 5D 06 6F 06 0C 06 5B 06 77 06 5F 06 5A 06 66 06 6B 06
20 06 23 06 50 06 52 06 56 06 4E 06 55 06 44 06 6B 06 45 06 45 06 4F 06 5C 06 53 06 37 06 76 06
53 06 4B 06 4B 06 39 06 5A 06 46 06 84 06 85 06 55 06 60 06 54 06 5C 06 64 06 5D 06 AB 06 82 06
54 06 61 06 6D 06 71 06 6B 06 89 06 69 06 8F 06 80 06 82 06 92 06 97 06 80 06 78 06 82 06 51 06
48 06 7D 06 79 06 86 06 7F 06 73 06 7B 06 5E 06 5E 06 7A 06 80 06 80 06 81 06 70 06 7E 06 2B 06
5D 06 60 06 5E 06 58 06 5C 06 76 06 39 06 65 06 31 06 35 06 2B 06 31 06 31 06 2F 06 2F 06 7E 06
40 06 30 06 33 06 2C 06 1E 06 17 06 17 06 44 06 2C 06 24 06 35 06 29 06 3B 06 2F 06 41 06 43 06
4D 06 43 06 4B 06 68 06 A3 06 A0 06 81 06 32 06 20 06 41 06 4A 06 4B 06 4E 06 4E 06 5D 06 49 06
FD 05 14 06 56 06 53 06 58 06 5B 06 5F 06 5A 06 1E 06 2F 06 53 06 50 06 50 06 4E 06 3F 06 47 06
1D 06 3A 06 4C 06 3C 06 3C 06 2D 06 29 06 7A 06 1C 06 28 06 25 06 3D 06 34 06 2D 06 33 06 67 06
31 06 2C 06 14 06 2E 06 13 06 0F 06 5B 06 4E 06 21 06 19 06 2D 06 2C 06 34 06 28 06 58 06 33 06
2B 06 33 06 3F 06 4B 06 41 06 24 06 57 06 52 06 4B 06 56 06 54 06 4C 06 54 06 2B 06 63 06 65 06
62 06 5E 06 69 06 61 06 5B 06 3D 06 6E 06 41 06 69 06 52 06 5F 06 46 06 5C 06 6E 06 17 06 67 06
4A 06 3C 06 26 06 24 06 25 06 21 06 33 06 58 06 2B 06 21 06 1F 06 1B 06 1F 06 7A 06 44 06 41 06
39 06 24 06 2E 06 07 06 15 06 00 06 2E 06 14 06 13 06 1B 06 1D 06 21 06 28 06 28 06 FD 05 13 06
FE 05 0B 06 23 06 31 06 43 06 3E 06 1A 06 4E 06 5E 06 3F 06 4E 06 3E 06 48 06 4E 06 14 06 48 06
4F 06 58 06 5B 06 58 06 6F 06 63 06 3B 06 70 06 5B 06 5A 06 64 06 64 06 57 06 4E 06 4C 06 40 06
6C 06 41 06 29 06 29 06 35 06 2D 06 2D 06 58 06 6A 06 2B 06 1B 06 13 06 1F 06 28 06 2B 06 35 06
15 06 30 06 2F 06 20 06 24 06 20 06 1F 06 6F 06 31 06 2F 06 34 06 3D 06 31 06 49 06 57 06 68 06
55 06 63 06 4A 06 52 06 46 06 22 06 19 06 52 06 4E 06 6C 06 48 06 3F 06 60 06 27 06 48 06 54 06
41 06 5F 06 6E 06 63 06 27 06 23 06 63 06 66 06 64 06 51 06 55 06 63 06 3C 06 22 06 44 06 4D 06
34 06 23 06 25 06 08 06 51 06 29 06 2D 06 1F 06 2C 06 0F 06 0B 06 1B 06 10 06 3D 06 2C 06 1A 06
07 06 09 06 14 06 FC 05 F5 05 47 06 F9 05 F8 05 01 06 08 06 0B 06 03 06 18 06 1F 06 2B 06 2B 06
32 06 36 06 32 06 3E 06 3A 06 EE 05 30 06 34 06 3C 06 49 06 43 06 4F 06 53 06 2D 06 4B 06 40 06
4B 06 57 06 58 06 5B 06 62 06 4E 06 4D 06 68 06 37 06 37 06 46 06 4E 06 34 06 4D 06 2C 06 14 06
1F 06 11 06 0F 06 21 06 55 06 7A 06 36 06 F8 05 13 06 FA 05 10 06 1F 06 1C 06 2A 06 48 06 24 06
20 06 2F 06 28 06 23 06 1F 06 2F 06 37 06 6B 06 4C 06 29 06 22 06 33 06 4B 06 41 06 4B 06 2D 06
5A 06 4A 06 4F 06 60 06 56 06 3C 06 52 06 5E 06 6A 06 57 06 5C 06 6E 06 6D 06 78 06 75 06 73 06
50 06 78 06 56 06 63 06 53 06 52 06 66 06 57 06 3B 06 33 06 5C 06 46 06 3C 06 25 06 35 06 15 06
2D 06 35 06 66 06 31 06 25 06 3B 06 27 06 35 06 37 06 2B 06 6C 06 2C 06 2D 06 25 06 17 06 2C 06
35 06 3B 06 2B 06 77 06 34 06 36 06 5D 06 49 06 61 06 5E 06 53 06 4E 06 37 06 72 06 6A 06 5E 06
5F 06 67 06 58 06 1B 06 26 06 5F 06 5C 06 55 06 60 06 77 06 6B 06 60 06 62 06 72 06 73 06 6B 06
63 06 6A 06 62 06 24 06 70 06 6E 06 61 06 63 06 4C 06 57 06 40 06 31 06 4B 06 33 06 48 06 44 06
49 06 5F 06 7E 06 63 06 43 06 3B 06 47 06 4C 06 4E 06 3E 06 7F 06 7A 06 40 06 47 06 40 06 44 06
3B 06 2F 06 39 06 71 06 3D 06 59 06 60 06 5B 06 63 06 80 06 7B 06 7E 06 4D 06 93 06 8E 06 92 06
88 06 60 06 7E 06 49 06 84 06 79 06 87 06 76 06 7B 06 78 06 8B 06 6B 06 93 06 A6 06 88 06 93 06
A2 06 92 06 8E 06 88 06 87 06 72 06 8B 06 7E 06 66 06 64 06 61 06 55 06 46 06 3E 06 3B 06 49 06
4B 06 57 06 47 06 47 06 50 06 2D 06 1D 06 28 06 22 06 3F 06 2B 06 3C 06 16 06 2E 06 4B 06 2D 06
15 06 1D 06 49 06 33 06 48 06 37 06 58 06 5B 06 53 06 49 06 66 06 67 06 7A 06 35 06 71 06 62 06
60 06 5C 06 5E 06 78 06 60 06 2B 06 44 06 5F 06 5F 06 66 06 6E 06 63 06 52 06 5B 06 21 06 62 06
56 06 47 06 47 06 3E 06 3F 06 2C 06 19 06 54 06 4E 06 31 06 47 06 38 06 51 06 39 06 62 06 7A 06
45 06 45 06 4B 06 43 06 3B 06 3E 06 7B 06 43 06 23 06 14 06 14 06 14 06 15 06 03 06 2D 06 0B 06
28 06 34 06 33 06 21 06 2F 06 36 06 30 06 43 06 60 06 4F 06 5E 06 68 06 6A 06 5A 06 17 06 46 06
48 06 49 06 43 06 7B 06 AE 06 95 06 3D 06 1B 06 5B 06 47 06 58 06 43 06 4A 06 52 06 3F 06 64 06
25 06 2A 06 17 06 2C 06 16 06 3C 06 14 06 36 06 4B 06 18 06 14 06 05 06 19 06 0B 06 17 06 4C 06
5A 06 15 06 14 06 07 06 07 06 05 06 20 06 3E 06 04 06 06 06 04 06 F5 05 E5 05 03 06 0F 06 5B 06
0D 06 09 06 0F 06 11 06 19 06 1B 06 10 06 F9 05 33 06 2A 06 2F 06 0E 06 12 06 12 06 DD 05 2B 06
31 06 3A 06 53 06 4F 06 4F 06 40 06 28 06 1F 06 4F 06 43 06 3F 06 52 06 5E 06 4B 06 5A 06 0D 06
5A 06 37 06 38 06 34 06 34 06 23 06 1D 06 24 06 66 06 2D 06 25 06 31 06 15 06 02 06 14 06 3A 06
F7 05 1D 06 2E 06 16 06 30 06 10 06 17 06 40 06 16 06 2D 06 13 06 21 06 29 06 2D 06 2D 06 41 06
3B 06 4B 06 3B 06 41 06 41 06 37 06 56 06 15 06 5C 06 76 06 56 06 60 06 66 06 2F 06 58 06 61 06
4F 06 6E 06 69 06 61 06 6E 06 4C 06 6A 06 66 06 70 06 60 06 72 06 72 06 5C 06 76 06 66 06 6B 06
57 06 54 06 50 06 54 06 41 06 8F 06 6B 06 51 06 5B 06 59 06 57 06 43 06 45 06 82 06 43 06 37 06
2F 06 32 06 29 06 27 06 2C 06 2D 06 6F 06 2F 06 2F 06 27 06 17 06 28 06 28 06 1D 06 5A 06 3D 06
49 06 6B 06 5B 06 5B 06 52 06 3E 06 2E 06 4E 06 5B 06 21 06 56 06 6A 06 6F 06 7A 06 7F 06 63 06
61 06 6B 06 37 06 57 06 77 06 73 06 73 06 79 06 7A 06 5E 06 63 06 5B 06 53 06 5B 06 67 06 54 06
44 06 45 06 64 06 29 06 11 06 15 06 29 06 27 06 23 06 17 06 58 06 14 06 24 06 23 06 17 06 1C 06
0E 06 36 06 46 06 17 06 14 06 23 06 19 06 0F 06 15 06 15 06 1D 06 2D 06 39 06 23 06 2B 06 4E 06
4B 06 5D 06 63 06 25 06 3B 06 5A 06 72 06 62 06 60 06 52 06 61 06 23 06 1F 06 63 06 51 06 58 06
49 06 3E 06 4A 06 3C 06 5F 06 55 06 62 06 6A 06 57 06 67 06 5E 06 53 06 4A 06 4C 06 4E 06 3C 06
3C 06 3C 06 4C 06 44 06 2D 06 53 06 33 06 39 06 19 06 2B 06 30 06 1B 06 30 06 64 06 3C 06 20 06
21 06 E1 05 04 06 2D 06 7C 06 49 06 64 06 EF 05 0F 06 18 06 3D 06 31 06 35 06 41 06 3B 06 51 06
57 06 66 06 6A 06 6E 06 52 06 2F 06 70 06 68 06 60 06 68 06 59 06 69 06 60 06 48 06 83 06 7A 06
60 06 5F 06 83 06 7D 06 8B 06 82 06 8A 06 6E 06 74 06 6F 06 47 06 4A 06 4A 06 5C 06 3C 06 19 06
27 06 11 06 1C 06 15 06 1F 06 27 06 60 06 17 06 15 06 10 06 35 06 3A 06 2E 06 2C 06 5F 06 27 06
21 06 2C 06 15 06 0C 06 21 06 15 06 6D 06 68 06 39 06 4B 06 3F 06 49 06 60 06 65 06 54 06 53 06
6E 06 76 06 7A 06 88 06 84 06 58 06 6C 06 65 06 78 06 7A 06 6E 06 88 06 88 06 43 06 6C 06 79 06
7F 06 99 06 69 06 62 06 6E 06 25 06 23 06 60 06 5E 06 56 06 5A 06 5C 06 54 06 44 06 50 06 73 06
3C 06 40 06 39 06 3F 06 43 06 43 06 45 06 92 06 30 06 31 06 2E 06 2C 06 1C 06 21 06 0C 06 2E 06
44 06 24 06 21 06 0F 06 2C 06 20 06 28 06 4B 06 3D 06 5F 06 4E 06 6F 06 6B 06 6B 06 52 06 56 06
1C 06 56 06 66 06 5A 06 78 06 48 06 70 06 68 06 6A 06 1C 06 31 06 53 06 73 06 6D 06 7B 06 62 06
6D 06 39 06 56 06 5A 06 53 06 43 06 70 06 63 06 67 06 21 06 4E 06 4E 06 5D 06 34 06 38 06 6A 06
7F 06 3D 06 47 06 3F 06 41 06 3D 06 43 06 88 06 4C 06 4A 06 5C 06 57 06 51 06 46 06 3C 06 71 06
53 06 3D 06 4D 06 64 06 4C 06 60 06 51 06 A2 06 71 06 7B 06 83 06 71 06 76 06 77 06 3C 06 6E 06
66 06 64 06 64 06 8E 06 84 06 81 06 5B 06 47 06 96 06 98 06 8D 06 9B 06 9F 06 BE 06 A8 06 61 06
99 06 9E 06 92 06 87 06 6D 06 83 06 6B 06 7C 06 54 06 64 06 68 06 49 06 3F 06 35 06 25 06 1B 06
33 06 64 06 34 06 27 06 27 06 23 06 3C 06 0C 06 26 06 2E 06 17 06 20 06 17 06 17 06 1D 06 1F 06
1D 06 28 06 55 06 2D 06 28 06 3D 06 5B 06 5A 06 49 06 33 06 5F 06 4A 06 52 06 66 06 66 06 5A 06
60 06 5A 06 39 06 27 06 61 06 72 06 6E 06 55 06 59 06 63 06 0F 06 50 06 73 06 72 06 72 06 62 06
42 06 3E 06 2E 06 37 06 63 06 5E 06 4C 06 FC 05 1C 06 0D 06 33 06 2D 06 17 06 39 06 19 06 27 06
13 06 0B 06 11 06 16 06 52 06 5E 06 2E 06 27 06 1D 06 00 06 0D 06 0C 06 1E 06 05 06 03 06 F5 05
00 06 0F 06 0D 06 09 06 01 06 0F 06 0C 06 3B 06 3F 06 47 06 46 06 5E 06 4B 06 42 06 14 06 46 06
4E 06 3C 06 53 06 60 06 6B 06 7A 06 3F 06 69 06 71 06 82 06 72 06 88 06 81 06 5A 06 73 06 40 06
56 06 6D 06 7F 06 57 06 5E 06 74 06 5C 06 6F 06 6E 06 2C 06 1D 06 2B 06 33 06 2B 06 2B 06 19 06
1D 06 0F 06 10 06 03 06 1C 06 1E 06 54 06 5B 06 0C 06 0B 06 20 06 0F 06 19 06 1F 06 49 06 52 06
2C 06 39 06 23 06 23 06 0F 06 27 06 17 06 09 06 2E 06 46 06 56 06 3C 06 3E 06 34 06 FC 05 3C 06
48 06 44 06 66 06 59 06 5D 06 5C 06 68 06 07 06 5E 06 4F 06 51 06 58 06 57 06 46 06 6B 06 37 06
51 06 5B 06 3A 06 34 06 44 06 3C 06 30 06 78 06 35 06 35 06 3D 06 2D 06 4B 06 17 06 1F 06 5A 06
2F 06 13 06 19 06 1C 06 2B 06 20 06 21 06 40 06 10 06 0D 06 17 06 17 06 15 06 09 06 21 06 3F 06
39 06 43 06 57 06 4F 06 5B 06 4E 06 3E 06 17 06 EC 05 32 06 3E 06 2A 06 3A 06 4A 06 55 06 15 06
51 06 46 06 4D 06 43 06 61 06 63 06 4D 06 4A 06 00 06 4A 06 4B 06 3E 06 56 06 42 06 5E 06 52 06
39 06 74 06 64 06 44 06 3B 06 84 06 2B 06 35 06 38 06 4B 06 43 06 3B 06 47 06 4F 06 79 06 7E 06
33 06 1A 06 16 06 10 06 13 06 2B 06 35 06 35 06 35 06 21 06 1F 06 2C 06 17 06 38 06 4E 06 1D 06
3B 06 33 06 53 06 53 06 47 06 50 06 2B 06 22 06 2E 06 24 06 2E 06 52 06 4F 06 0D 06 4B 06 52 06
6A 06 4D 06 61 06 75 06 53 06 1F 06 21 06 63 06 3B 06 50 06 50 06 24 06 37 06 20 06 EF 05 24 06
0E 06 16 06 18 06 0F 06 1B 06 19 06 09 06 45 06 21 06 0D 06 03 06 0B 06 03 06 1B 06 52 06 46 06
24 06 0D 06 16 06 13 06 04 06 0E 06 58 06 1D 06 23 06 21 06 21 06 2D 06 35 06 31 06 52 06 4B 06
2B 06 10 06 2B 06 67 06 A2 06 92 06 27 06 FA 05 3E 06 3A 06 50 06 56 06 4C 06 5B 06 20 06 47 06
4D 06 40 06 5B 06 63 06 62 06 6B 06 6B 06 6A 06 73 06 67 06 62 06 5A 06 57 06 56 06 7C 06 6C 06
6C 06 74 06 51 06 58 06 4B 06 63 06 5D 06 80 06 75 06 49 06 55 06 33 06 5E 06 54 06 64 06 99 06
8B 06 47 06 40 06 2E 06 37 06 27 06 19 06 7B 06 57 06 58 06 4B 06 41 06 51 06 69 06 7F 06 8D 06
59 06 87 06 72 06 70 06 7E 06 77 06 3C 06 29 06 66 06 60 06 58 06 53 06 58 06 65 06 63 06 68 06
23 06 56 06 43 06 4B 06 4E 06 63 06 5A 06 52 06 4E 06 0B 06 4D 06 4B 06 54 06 3C 06 4C 06 38 06
3D 06 5F 06 45 06 41 06 3D 06 47 06 41 06 40 06 42 06 82 06 3A 06 37 06 41 06 26 06 36 06 45 06
45 06 6E 06 36 06 3C 06 27 06 33 06 3F 06 54 06 61 06 59 06 51 06 63 06 4B 06 68 06 5B 06 61 06
6A 06 35 06 72 06 66 06 88 06 86 06 6A 06 7F 06 73 06 7F 06 22 06 2F 06 4F 06 78 06 72 06 66 06
7B 06 82 06 25 06 5F 06 68 06 4A 06 47 06 56 06 4B 06 5B 06 1B 06 54 06 56 06 44 06 26 06 2D 06
34 06 28 06 21 06 33 06 2D 06 6F 06 3B 06 31 06 2B 06 3F 06 3E 06 1E 06 2E 06 0C 06 62 06 20 06
20 06 25 06 1C 06 25 06 2F 06 0D 06 2D 06 28 06 23 06 3F 06 2B 06 2B 06 49 06 4B 06 16 06 46 06
46 06 4E 06 32 06 4C 06 42 06 4C 06 0D 06 48 06 3F 06 42 06 4B 06 33 06 2B 06 53 06 2B 06 56 06
49 06 50 06 4A 06 36 06 57 06 3A 06 2C 06 21 06 4A 06 24 06 24 06 28 06 30 06 1C 06 1C 06 4A 06
49 06 09 06 13 06 27 06 07 06 1C 06 27 06 26 06 3A 06 F0 05 E9 05 E8 05 F9 05 F3 05 1F 06 46 06
06 06 EF 05 03 06 FD 05 04 06 05 06 14 06 01 06 E1 05 28 06 39 06 47 06 5B 06 3A 06 1D 06 5B 06
3B 06 3A 06 3E 06 32 06 3A 06 44 06 0D 06 24 06 3B 06 4F 06 54 06 61 06 79 06 70 06 6D 06 3C 06
62 06 70 06 63 06 6A 06 44 06 71 06 51 06 2F 06 43 06 34 06 40 06 50 06 35 06 41 06 44 06 5B 06
3B 06 1F 06 2D 06 3D 06 6B 06 57 06 59 06 34 06 08 06 1E 06 05 06 11 06 05 06 17 06 25 06 1B 06
21 06 49 06 58 06 54 06 58 06 3D 06 3F 06 47 06 4B 06 73 06 77 06 83 06 9E 06 9E 06 96 06 53 06
9A 06 86 06 8A 06 8A 06 8D 06 7F 06 77 06 82 06 2F 06 66 06 73 06 82 06 8E 06 79 06 6B 06 82 06
4B 06 58 06 7F 06 77 06 62 06 76 06 64 06 4C 06 49 06 72 06 35 06 2C 06 24 06 29 06 37 06 3F 06
27 06 2F 06 30 06 33 06 29 06 1E 06 17 06 44 06 67 06 27 06 3D 06 37 06 48 06 29 06 23 06 7B 06
57 06 44 06 1D 06 41 06 49 06 4F 06 32 06 57 06 68 06 71 06 82 06 7A 06 7C 06 86 06 8A 06 92 06
40 06 78 06 8F 06 85 06 6E 06 6A 06 77 06 78 06 24 06 6E 06 66 06 93 06 79 06 70 06 6B 06 5B 06
2C 06 59 06 60 06 63 06 66 06 6E 06 54 06 5C 06 51 06 15 06 14 06 19 06 31 06 2B 06 75 06 33 06
46 06 40 06 4B 06 2B 06 37 06 24 06 26 06 1F 06 54 06 30 06 2C 06 43 06 1B 06 41 06 2B 06 2C 06
3F 06 48 06 3D 06 39 06 43 06 42 06 5B 06 5B 06 20 06 7A 06 6E 06 72 06 5C 06 62 06 6C 06 56 06
6D 06 4A 06 6A 06 6A 06 83 06 88 06 7D 06 7F 06 92 06 66 06 8B 06 A1 06 BA 06 82 06 76 06 A2 06
7F 06 31 06 4C 06 66 06 3C 06 2C 06 2C 06 45 06 34 06 40 06 28 06 13 06 21 06 1B 06 25 06 52 06
50 06 20 06 0E 06 F6 05 DE 05 EA 05 F5 05 5E 06 FD 05 0F 06 14 06 0D 06 0D 06 2C 06 0F 06 3E 06
1D 06 1B 06 39 06 30 06 18 06 3B 06 56 06 24 06 4A 06 4A 06 33 06 44 06 46 06 46 06 F5 05 3A 06
54 06 60 06 3E 06 4F 06 61 06 73 06 27 06 2F 06 73 06 71 06 86 06 77 06 76 06 8A 06 66 06 59 06
0C 06 46 06 2E 06 44 06 38 06 50 06 50 06 70 06 57 06 59 06 4B 06 51 06 33 06 4F 06 43 06 7A 06
6B 06 36 06 2E 06 36 06 06 06 23 06 12 06 15 06 17 06 15 06 25 06 0F 06 26 06 1C 06 19 06 27 06
1B 06 1B 06 29 06 3B 06 33 06 49 06 4E 06 2D 06 6A 06 42 06 56 06 6A 06 62 06 4D 06 5B 06 20 06
62 06 6E 06 5B 06 A1 06 DB 06 AF 06 5D 06 1B 06 59 06 73 06 73 06 7A 06 8F 06 6E 06 8B 06 7E 06
56 06 64 06 50 06 50 06 57 06 3D 06 6F 06 5D 06 8A 06 7F 06 35 06 3D 06 1F 06 1F 06 13 06 0B 06
63 06 42 06 27 06 15 06 FC 05 06 06 F8 05 01 06 3C 06 05 06 28 06 1D 06 09 06 2B 06 18 06 52 06
40 06 30 06 31 06 3F 06 30 06 66 06 62 06 4B 06 63 06 4E 06 74 06 5E 06 61 06 78 06 72 06 59 06
88 06 8F 06 9F 06 8E 06 AE 06 A7 06 88 06 90 06 55 06 87 06 A4 06 9E 06 97 06 86 06 7E 06 74 06
63 06 93 06 65 06 45 06 60 06 44 06 6F 06 5F 06 9A 06 A7 06 5B 06 4C 06 51 06 56 06 44 06 5E 06
A5 06 4D 06 3F 06 57 06 36 06 34 06 2D 06 34 06 59 06 69 06 59 06 79 06 69 06 79 06 72 06 77 06
4C 06 83 06 79 06 6E 06 8A 06 8A 06 88 06 80 06 44 06 7C 06 89 06 65 06 6F 06 9B 06 9A 06 81 06
63 06 8F 06 A3 06 8B 06 A8 06 B3 06 A2 06 92 06 70 06 54 06 5A 06 8B 06 72 06 6A 06 76 06 6C 06
74 06 76 06 5C 06 48 06 33 06 1F 06 3D 06 33 06 11 06 6C 06 82 06 30 06 24 06 46 06 2E 06 16 06
27 06 3A 06 20 06 1C 06 29 06 25 06 27 06 13 06 10 06 50 06 38 06 49 06 4B 06 38 06 3F 06 29 06
F2 05 2E 06 20 06 06 06 4C 06 22 06 36 06 2A 06 F9 05 3F 06 3F 06 37 06 48 06 3B 06 49 06 43 06
02 06 09 06 5B 06 78 06 52 06 90 06 5E 06 62 06 4E 06 0F 06 5D 06 54 06 44 06 2C 06 4E 06 32 06
2D 06 49 06 65 06 41 06 3F 06 3B 06 23 06 3A 06 34 06 66 06 33 06 1F 06 0C 06 03 06 13 06 11 06
07 06 6B 06 1C 06 3B 06 2B 06 3F 06 2D 06 40 06 39 06 29 06 27 06 1F 06 4B 06 33 06 3B 06 22 06
3A 06 F4 05 5A 06 3F 06 4E 06 4E 06 4E 06 38 06 5B 06 25 06 61 06 55 06 58 06 50 06 5B 06 5A 06
5B 06 4B 06 59 06 65 06 53 06 50 06 37 06 55 06 2E 06 56 06 29 06 5D 06 44 06 2F 06 15 06 0D 06
14 06 2D 06 6A 06 67 06 3B 06 34 06 3A 06 3B 06 3B 06 37 06 4C 06 1F 06 1D 06 0B 06 F7 05 04 06
0D 06 F9 05 13 06 54 06 85 06 5C 06 49 06 C3 05 19 06 24 06 43 06 13 06 31 06 52 06 3B 06 4E 06
4A 06 19 06 50 06 33 06 35 06 34 06 4D 06 3D 06 2A 06 FF 05 08 06 40 06 1E 06 2B 06 32 06 F7 05
FC 05 30 06 3B 06 42 06 47 06 3D 06 3B 06 04 06 F8 05 38 06 15 06 30 06 3A 06 2C 06 20 06 2C 06
5B 06 31 06 43 06 3B 06 2F 06 4D 06 3D 06 45 06 7E 06 53 06 3F 06 4C 06 41 06 47 06 2D 06 3D 06
93 06 57 06 40 06 48 06 54 06 49 06 63 06 3B 06 63 06 23 06 5B 06 5E 06 4E 06 5E 06 4A 06 62 06
14 06 4C 06 4E 06 50 06 44 06 47 06 4F 06 43 06 29 06 43 06 50 06 4B 06 47 06 5A 06 5B 06 51 06
3B 06 4E 06 42 06 55 06 32 06 37 06 42 06 2C 06 48 06 2E 06 14 06 1B 06 0C 06 07 06 09 06 29 06
17 06 42 06 FB 05 EF 05 03 06 16 06 1C 06 0E 06 0E 06 4A 06 37 06 1B 06 11 06 08 06 17 06 31 06
0D 06 6A 06 1D 06 11 06 23 06 43 06 4B 06 5B 06 5F 06 6A 06 53 06 42 06 56 06 4E 06 3F 06 3C 06
26 06 34 06 68 06 68 06 66 06 4F 06 4A 06 4B 06 05 06 15 06 52 06 53 06 55 06 4D 06 62 06 5A 06
0C 06 09 06 37 06 37 06 2E 06 2E 06 1E 06 1C 06 1E 06 11 06 15 06 43 06 1B 06 04 06 F7 05 0F 06
ED 05 0C 06 10 06 4A 06 10 06 12 06 1C 06 19 06 2B 06 2C 06 31 06 4C 06 2C 06 35 06 41 06 5D 06
31 06 4F 06 4D 06 44 06 69 06 7A 06 89 06 83 06 8B 06 73 06 8A 06 4E 06 68 06 76 06 74 06 72 06
7D 06 93 06 93 06 5D 06 6F 06 80 06 69 06 63 06 6C 06 77 06 66 06 4E 06 21 06 5B 06 62 06 62 06
57 06 3E 06 3E 06 3E 06 20 06 3C 06 16 06 24 06 15 06 5F 06 25 06 1F 06 33 06 FF 05 13 06 2F 06
32 06 46 06 66 06 6E 06 48 06 26 06 37 06 31 06 17 06 29 06 58 06 41 06 3D 06 49 06 44 06 41 06
45 06 3D 06 6C 06 61 06 63 06 5F 06 5F 06 6E 06 52 06 70 06 70 06 4A 06 52 06 60 06 3E 06 4F 06
69 06 35 06 4A 06 7F 06 68 06 6F 06 72 06 63 06 7F 06 73 06 73 06 6B 06 77 06 7A 06 70 06 67 06
67 06 05 06 20 06 8C 06 9C 06 5C 06 59 06 EB 05 11 06 25 06 43 06 4A 06 1B 06 19 06 2B 06 2B 06
1F 06 27 06 44 06 2C 06 13 06 07 06 15 06 FD 05 25 06 14 06 6F 06 35 06 47 06 3D 06 31 06 38 06
2D 06 31 06 31 06 43 06 63 06 63 06 77 06 82 06 76 06 78 06 3F 06 7E 06 6C 06 81 06 6D 06 63 06
67 06 42 06 7F 06 69 06 6D 06 7F 06 7E 06 7A 06 61 06 61 06 63 06 5A 06 62 06 57 06 46 06 6E 06
64 06 56 06 4C 06 3C 06 35 06 25 06 24 06 1C 06 53 06 29 06 23 06 27 06 09 06 19 06 29 06 2B 06
57 06 24 06 2A 06 17 06 1B 06 24 06 24 06 0F 06 15 06 7E 06 15 06 18 06 31 06 48 06 29 06 3D 06
1D 06 24 06 17 06 2F 06 4B 06 4F 06 4E 06 56 06 5E 06 2F 06 33 06 6A 06 4C 06 6F 06 62 06 63 06
6C 06 5B 06 84 06 6C 06 67 06 68 06 78 06 69 06 66 06 30 06 4A 06 66 06 60 06 5A 06 57 06 5C 06
39 06 47 06 34 06 37 06 45 06 39 06 48 06 6A 06 77 06 57 06 51 06 45 06 66 06 51 06 4B 06 5A 06
46 06 4A 06 37 06 4D 06 41 06 50 06 AB 06 93 06 6F 06 54 06 71 06 6C 06 69 06 6B 06 87 06 98 06
5B 06 6B 06 6B 06 76 06 76 06 61 06 96 06 76 06 7A 06 6C 06 78 06 73 06 3F 06 5E 06 4F 06 58 06
48 06 39 06 3E 06 2E 06 0E 06 16 06 69 06 78 06 5E 06 4B 06 44 06 33 06 47 06 46 06 44 06 4C 06
44 06 55 06 38 06 37 06 35 06 53 06 1B 06 29 06 25 06 35 06 31 06 2F 06 37 06 5D 06 6E 06 2D 06
3B 06 21 06 2E 06 0C 06 26 06 71 06 37 06 23 06 2F 06 38 06 44 06 3B 06 3B 06 41 06 53 06 4B 06
4F 06 57 06 67 06 5E 06 4A 06 20 06 66 06 70 06 54 06 4F 06 38 06 6F 06 63 06 39 06 74 06 68 06
4F 06 57 06 5F 06 63 06 71 06 6E 06 8B 06 6A 06 5F 06 66 06 67 06 3E 06 22 06 14 06 16 06 26 06
3D 06 30 06 0C 06 27 06 0B 06 F7 05 12 06 F3 05 EE 05 DF 05 F0 05 10 06 15 06 04 06 71 06 43 06
07 06 04 06 08 06 0F 06 FF 05 0F 06 15 06 57 06 78 06 2F 06 43 06 57 06 31 06 49 06 4B 06 3F 06
38 06 5A 06 46 06 96 06 B1 06 8C 06 6F 06 FA 05 21 06 19 06 7B 06 5B 06 77 06 79 06 5B 06 5B 06
37 06 6A 06 63 06 70 06 73 06 8B 06 6E 06 79 06 5B 06 57 06 7F 06 40 06 34 06 44 06 39 06 25 06
31 06 39 06 66 06 27 06 39 06 1B 06 2F 06 1F 06 35 06 32 06 47 06 26 06 16 06 2D 06 14 06 24 06
1C 06 2C 06 2E 06 66 06 15 06 0F 06 0C 06 ED 05 21 06 0D 06 23 06 34 06 FF 05 27 06 2E 06 36 06
32 06 46 06 3C 06 42 06 22 06 24 06 24 06 1D 06 22 06 43 06 01 06 18 06 43 06 4F 06 4A 06 4B 06
2B 06 37 06 E7 05 03 06 23 06 30 06 2B 06 22 06 02 06 26 06 0C 06 07 06 FD 05 20 06 1D 06 0C 06
04 06 FF 05 4E 06 0D 06 15 06 FD 05 05 06 11 06 26 06 07 06 0E 06 67 06 39 06 14 06 20 06 0C 06
18 06 0F 06 1B 06 53 06 11 06 F9 05 FD 05 19 06 23 06 33 06 30 06 53 06 5E 06 6F 06 62 06 6A 06
6A 06 7A 06 60 06 38 06 84 06 6F 06 70 06 62 06 67 06 73 06 5D 06 55 06 5A 06 67 06 6A 06 75 06
50 06 42 06 5A 06 3A 06 52 06 55 06 53 06 4C 06 4C 06 49 06 39 06 50 06 76 06 6E 06 29 06 17 06
11 06 09 06 21 06 29 06 6C 06 37 06 3F 06 3C 06 24 06 1D 06 13 06 05 06 66 06 2C 06 09 06 01 06
13 06 17 06 35 06 2F 06 60 06 27 06 1B 06 25 06 2F 06 4F 06 39 06 42 06 0F 06 0B 06 52 06 65 06
54 06 4A 06 52 06 69 06 39 06 67 06 56 06 51 06 4F 06 69 06 47 06 0C 06 2C 06 71 06 73 06 83 06
82 06 72 06 6E 06 5F 06 70 06 64 06 5C 06 6C 06 60 06 54 06 43 06 5D 06 5D 06 54 06 39 06 41 06
2F 06 72 06 39 06 21 06 30 06 26 06 14 06 0E 06 17 06 4B 06 3A 06 00 06 F9 05 1C 06 EF 05 09 06
17 06 34 06 70 06 39 06 2B 06 1D 06 33 06 49 06 4B 06 4D 06 4C 06 34 06 7A 06 84 06 80 06 8A 06
A0 06 8F 06 71 06 63 06 A5 06 93 06 98 06 7B 06 81 06 7F 06 57 06 9F 06 88 06 B0 06 AA 06 B3 06
88 06 63 06 66 06 57 06 5E 06 6C 06 60 06 35 06 15 06 2E 06 60 06 29 06 09 06 FB 05 11 06 1B 06
FF 05 0E 06 66 06 77 06 84 06 5E 06 46 06 DB 05 10 06 0D 06 34 06 0C 06 F4 05 2D 06 1D 06 1C 06
21 06 1F 06 1B 06 2F 06 3B 06 51 06 6B 06 71 06 5B 06 62 06 5E 06 11 06 17 06 60 06 3A 06 31 06
41 06 4C 06 56 06 E7 05 E7 05 63 06 4F 06 63 06 63 06 68 06 6D 06 47 06 70 06 7A 06 57 06 6B 06
63 06 60 06 5E 06 29 06 32 06 1C 06 0D 06 05 06 28 06 4B 06 5A 06 4F 06 35 06 3B 06 3B 06 13 06
1F 06 52 06 42 06 0E 06 0D 06 0B 06 1F 06 E7 05 07 06 63 06 14 06 0F 06 14 06 19 06 31 06 29 06
52 06 60 06 59 06 61 06 67 06 53 06 66 06 86 06 64 06 80 06 72 06 4E 06 60 06 8A 06 75 06 91 06
27 06 77 06 66 06 7D 06 7F 06 5B 06 72 06 6A 06 83 06 2B 06 74 06 72 06 72 06 76 06 6D 06 7E 06
62 06 59 06 A5 06 70 06 71 06 54 06 61 06 57 06 9D 06 5F 06 5F 06 31 06 51 06 47 06 3E 06 51 06
37 06 97 06 54 06 54 06 53 06 47 06 54 06 44 06 44 06 47 06 3B 06 41 06 49 06 39 06 49 06 51 06
38 06 35 06 88 06 63 06 63 06 8E 06 66 06 72 06 6A 06 34 06 6A 06 6E 06 5C 06 6B 06 8A 06 60 06
5B 06 29 06 5B 06 61 06 63 06 73 06 8C 06 A7 06 6B 06 97 06 2F 06 4E 06 43 06 3A 06 1F 06 16 06
34 06 14 06 30 06 46 06 11 06 0C 06 1D 06 34 06 33 06 23 06 2C 06 1B 06 36 06 27 06 1F 06 F6 05
FF 05 EE 05 35 06 07 06 24 06 20 06 19 06 17 06 27 06 59 06 64 06 17 06 29 06 09 06 31 06 47 06
11 06 17 06 1B 06 37 06 2E 06 2E 06 50 06 47 06 52 06 32 06 2C 06 4C 06 38 06 52 06 5F 06 1F 06
4C 06 51 06 6A 06 7A 06 5A 06 63 06 4C 06 2D 06 4B 06 82 06 62 06 6C 06 63 06 63 06 64 06 39 06
1F 06 5C 06 3B 06 55 06 40 06 2C 06 27 06 49 06 7E 06 70 06 33 06 57 06 27 06 38 06 4C 06 46 06
93 06 59 06 43 06 4C 06 36 06 19 06 53 06 27 06 5F 06 48 06 2D 06 4B 06 53 06 4B 06 4B 06 5D 06
4B 06 76 06 76 06 4A 06 66 06 45 06 5C 06 3C 06 F4 05 5E 06 49 06 6F 06 7E 06 7F 06 56 06 6F 06
0D 06 33 06 4B 06 93 06 C3 06 90 06 90 06 E3 05 26 06 46 06 36 06 34 06 4A 06 40 06 2E 06 44 06
3B 06 24 06 31 06 40 06 38 06 59 06 3B 06 3F 06 33 06 6F 06 62 06 11 06 04 06 2A 06 2C 06 1D 06
43 06 19 06 58 06 4A 06 17 06 29 06 EF 05 0F 06 15 06 31 06 5B 06 6A 06 41 06 48 06 45 06 5B 06
4E 06 6E 06 2E 06 4A 06 52 06 42 06 44 06 47 06 46 06 4B 06 4C 06 17 06 55 06 68 06 48 06 5F 06
8A 06 83 06 57 06 86 06 60 06 56 06 57 06 46 06 4D 06 43 06 46 06 5C 06 2C 06 38 06 34 06 17 06
0D 06 18 06 0C 06 27 06 21 06 6E 06 4A 06 34 06 27 06 27 06 30 06 34 06 35 06 31 06 6C 06 56 06
30 06 38 06 28 06 29 06 19 06 01 06 52 06 56 06 31 06 3F 06 33 06 47 06 63 06 71 06 29 06 1C 06
52 06 5E 06 52 06 3E 06 46 06 42 06 11 06 11 06 31 06 43 06 15 06 33 06 26 06 14 06 05 06 5F 06
40 06 53 06 33 06 52 06 3A 06 EE 05 FF 05 33 06 52 06 22 06 2C 06 24 06 2C 06 1F 06 19 06 05 06
18 06 0D 06 31 06 0D 06 03 06 5A 06 28 06 1B 06 23 06 24 06 FF 05 1F 06 0B 06 F1 05 3C 06 19 06
F4 05 FD 05 F7 05 F7 05 E1 05 E8 05 32 06 07 06 03 06 1B 06 25 06 2E 06 1F 06 32 06 20 06 36 06
2D 06 1A 06 26 06 46 06 60 06 4C 06 31 06 7E 06 34 06 53 06 55 06 51 06 63 06 6F 06 3E 06 63 06
5F 06 7A 06 7E 06 67 06 82 06 82 06 65 06 72 06 46 06 34 06 34 06 61 06 15 06 2B 06 59 06 20 06
23 06 0D 06 FB 05 16 06 10 06 FF 05 3A 06 32 06 FE 05 0F 06 34 06 10 06 13 06 04 06 04 06 57 06
0D 06 20 06 27 06 07 06 FF 05 18 06 05 06 3D 06 27 06 51 06 3F 06 60 06 72 06 54 06 43 06 4E 06
4A 06 56 06 38 06 2C 06 29 06 F3 05 15 06 45 06 26 06 39 06 49 06 47 06 2B 06 06 06 2D 06 30 06
22 06 26 06 1D 06 21 06 37 06 15 06 3E 06 20 06 11 06 33 06 2D 06 2F 06 15 06 2F 06 1B 06 09 06
FB 05 FF 05 1F 06 2D 06 16 06 19 06 18 06 24 06 FF 05 2D 06 47 06 30 06 3C 06 63 06 0F 06 0F 06
27 06 1D 06 29 06 71 06 8F 06 7C 06 14 06 C7 05 37 06 49 06 47 06 3F 06 6A 06 47 06 4F 06 8E 06
7C 06 76 06 84 06 9F 06 7F 06 29 06 59 06 A5 06 C0 06 82 06 5F 06 99 06 B3 06 87 06 87 06 AA 06
E2 06 BE 06 A0 06 B3 06 AE 06 8E 06 54 06 74 06 53 06 4D 06 05 06 55 06 4F 06 DC 06 BF 06 9F 06
59 06 15 06 1F 06 52 06 58 06 1C 06 1D 06 4B 06 50 06 47 06 16 06 09 06 BD 05 BB 05 C9 05 00 06
F4 05 41 06 A5 06 B5 06 7E 06 63 06 63 06 A7 06 96 06 62 06 66 06 67 06 4A 06 42 06 8E 06 7E 06
80 06 6C 06 6F 06 8C 06 A6 06 89 06 B4 06 08 07 AB 06 97 06 BE 06 E3 06 89 06 92 06 A2 06 BC 06
53 06 21 06 00 06 26 06 15 06 39 06 44 06 51 06 8D 06 68 06 34 06 41 06 52 06 6A 06 FD 05 27 06
1B 06 23 06 4A 06 5A 06 7D 06 5D 06 25 06 2B 06 31 06 26 06 2E 06 6B 06 C2 06 A7 06 6F 06 58 06
39 06 09 06 4B 06 29 06 40 06 23 06 51 06 82 06 57 06 34 06 64 06 4A 06 5A 06 3E 06 5F 06 7E 06
60 06 24 06 48 06 63 06 6D 06 4B 06 45 06 82 06 B3 06 59 06 49 06 83 06 93 06 62 06 4E 06 1E 06
64 06 2F 06 52 06 64 06 7C 06 55 06 29 06 21 06 44 06 37 06 ED 05 1F 06 49 06 67 06 77 06 5C 06
5E 06 34 06 62 06 34 06 47 06 35 06 FD 05 FC 05 24 06 51 06 57 06 1E 06 4C 06 54 06 38 06 49 06
29 06 23 06 38 06 29 06 03 06 4F 06 36 06 4A 06 62 06 5E 06 56 06 3A 06 FC 05 31 06 32 06 22 06
32 06 4D 06 23 06 39 06 27 06 32 06 28 06 3B 06 18 06 30 06 33 06 66 06 7E 06 41 06 52 06 4B 06
27 06 16 06 0C 06 10 06 D1 05 0A 06 FE 05 F8 05 1B 06 FD 05 11 06 0F 06 01 06 2E 06 03 06 F0 05
E5 05 E1 05 E7 05 EF 05 E1 05 05 06 CE 05 BB 05 B5 05 CB 05 D9 05 F4 05 2A 06 29 06 F3 05 21 06
2E 06 39 06 3B 06 1A 06 24 06 37 06 23 06 12 06 12 06 24 06 12 06 18 06 18 06 33 06 4E 06 4D 06
71 06 53 06 6E 06 82 06 78 06 19 06 29 06 68 06 50 06 46 06 62 06 62 06 5F 06 35 06 94 06 84 06
54 06 34 06 6D 06 A9 06 C1 06 A9 06 95 06 F7 05 83 06 5B 06 3B 06 4F 06 33 06 60 06 5A 06 3E 06
3E 06 5A 06 5B 06 A0 06 51 06 29 06 39 06 49 06 55 06 5D 06 40 06 77 06 41 06 3B 06 3A 06 1D 06
2F 06 33 06 3E 06 2E 06 46 06 4E 06 70 06 86 06 5A 06 89 06 83 06 1F 06 31 06 6F 06 63 06 78 06
83 06 72 06 7A 06 6B 06 76 06 63 06 66 06 70 06 62 06 5A 06 70 06 9A 06 47 06 6A 06 74 06 74 06
55 06 7D 06 4F 06 79 06 35 06 0B 06 15 06 25 06 57 06 4E 06 1D 06 27 06 1E 06 3A 06 06 06 FA 05
03 06 44 06 08 06 2D 06 31 06 39 06 3B 06 45 06 44 06 43 06 29 06 31 06 03 06 12 06 1F 06 49 06
52 06 82 06 11 06 0B 06 62 06 68 06 30 06 6C 06 46 06 6B 06 27 06 3C 06 7E 06 4B 06 33 06 5B 06
27 06 3E 06 20 06 4D 06 43 06 62 06 52 06 16 06 46 06 FF 05 0C 06 3A 06 44 06 04 06 2D 06 01 06
05 06 08 06 2D 06 08 06 1F 06 3D 06 2B 06 29 06 1F 06 22 06 F7 05 37 06 68 06 24 06 11 06 01 06
2B 06 47 06 11 06 03 06 5B 06 0C 06 F9 05 F6 05 50 06 09 06 33 06 57 06 17 06 53 06 63 06 36 06
56 06 6F 06 56 06 5C 06 0C 06 6E 06 78 06 73 06 68 06 6F 06 5B 06 4F 06 49 06 58 06 52 06 4A 06
42 06 3F 06 3B 06 73 06 2A 06 47 06 4B 06 32 06 27 06 26 06 2C 06 14 06 1C 06 FD 05 19 06 29 06
18 06 3C 06 8B 06 59 06 61 06 45 06 57 06 32 06 1D 06 20 06 49 06 54 06 2B 06 37 06 16 06 07 06
EC 05 F7 05 0D 06 05 06 00 06 0D 06 19 06 21 06 35 06 2E 06 19 06 1C 06 DB 05 1B 06 46 06 62 06
6A 06 54 06 57 06 FF 05 E7 05 20 06 FE 05 28 06 36 06 48 06 75 06 4E 06 87 06 7A 06 53 06 6B 06
29 06 36 06 03 06 D4 05 2F 06 64 06 7F 06 3B 06 46 06 24 06 11 06 0B 06 15 06 19 06 38 06 3D 06
5C 06 31 06 62 06 1D 06 13 06 2F 06 F0 05 EB 05 14 06 EE 05 48 06 3B 06 13 06 0D 06 14 06 FF 05
42 06 58 06 05 06 05 06 49 06 0D 06 29 06 0F 06 5D 06 68 06 67 06 6B 06 82 06 66 06 76 06 44 06
11 06 3B 06 44 06 CC 06 D4 06 A8 06 8A 06 F7 05 49 06 3F 06 50 06 2B 06 1E 06 4B 06 33 06 4B 06
51 06 14 06 66 06 40 06 25 06 32 06 44 06 32 06 4C 06 4D 06 39 06 29 06 54 06 58 06 51 06 3D 06
43 06 46 06 1F 06 17 06 19 06 F9 05 FC 05 10 06 09 06 2A 06 15 06 0D 06 F0 05 2C 06 E9 05 1D 06
EF 05 04 06 21 06 18 06 11 06 F9 05 17 06 3B 06 2B 06 06 06 57 06 36 06 3A 06 2E 06 57 06 52 06
60 06 64 06 71 06 71 06 96 06 82 06 6B 06 4B 06 53 06 8B 06 04 06 5F 06 53 06 5F 06 56 06 36 06
4A 06 8A 06 1F 06 6E 06 96 06 74 06 34 06 3F 06 2B 06 1E 06 EC 05 4C 06 31 06 5B 06 11 06 4F 06
45 06 47 06 08 06 26 06 02 06 24 06 0D 06 5B 06 20 06 8F 06 7E 06 96 06 47 06 6D 06 99 06 AF 06
5C 06 93 06 AD 06 41 06 0B 06 29 06 3F 06 53 06 5A 06 14 06 4B 06 5F 06 72 06 48 06 66 06 44 06
5F 06 9B 06 4B 06 0B 06 78 06 40 06 58 06 3B 06 77 06 5F 06 0E 06 1E 06 5B 06 53 06 22 06 1F 06
22 06 12 06 2D 06 56 06 AC 06 E4 06 AC 06 DD 06 1F 07 F5 06 BB 06 83 06 73 06 5B 06 17 06 43 06
EA 05 43 06 72 06 76 06 7E 06 76 06 29 06 4D 06 A0 06 46 06 17 06 28 06 3B 06 F9 05 05 06 DC 05
F5 05 49 06 29 09 34 0A FD 09 EB 09 8B 09 76 08 62 06 EA 03 66 02 25 02 7B 02 6C 02 72 02 B8 02
17 03 BA 03 B2 04 62 05 58 06 59 08 36 0A 12 0B 9A 0B 5A 0C 59 0C E1 0A 46 09 60 09 67 08 11 07
AC 06 07 06 3A 05 74 05 5D 05 84 04 F1 03 CD 03 C9 03 5A 04 02 04 57 03 03 04 C9 04 0F 05 95 05
50 06 0B 07 93 07 07 08 A1 08 70 08 C7 07 A4 07 6C 07 9E 06 48 05 25 05 E0 04 1C 04 38 04 2D 05
8D 05 A2 05 13 06 9B 06 CF 06 5E 06 52 06 7B 06 1B 06 18 06 5A 06 C6 06 D6 06 38 07 9F 07 93 07
FD 06 72 07 13 08 7E 08 8B 08 EB 08 AA 08 71 08 30 08 9B 07 1A 07 66 06 3A 06 6B 06 27 06 47 06
36 06 D5 05 DD 05 3F 05 D3 04 81 04 7B 04 BC 04 C5 04 E7 04 5B 05 87 05 B4 05 19 06 3F 06 3F 06
46 06 85 06 90 06 B7 06 E0 06 D0 06 67 06 1D 06 19 06 E5 05 F3 05 39 06 30 06 41 06 8D 06 D3 06
C6 06 C7 06 21 07 F2 06 83 06 B7 06 F6 06 FE 06 D2 06 CE 06 FA 06 DC 06 DB 06 7E 06 2B 06 F0 05
2F 06 28 06 3A 06 36 06 4B 06 52 06 29 06 EE 05 FB 05 10 06 22 06 31 06 43 06 67 06 9A 06 AA 06
A6 06 7C 06 5D 06 07 06 BF 05 95 05 D4 05 FF 05 CB 05 D5 05 0F 06 39 06 4D 06 7C 06 77 06 8C 06
1C 07 27 07 FB 06 10 07 0C 07 2D 07 3D 07 CF 06 DA 06 8F 06 6D 06 18 06 FD 05 C8 05 93 05 AE 05
9C 05 63 05 67 05 8E 05 0E 06 FE 05 BD 05 C4 05 2E 06 0A 06 0F 06 3B 06 6F 06 6A 06 87 06 63 06
43 06 9F 06 AA 06 AA 06 CB 06 89 06 7B 06 51 06 35 06 7D 06 70 06 3B 06 0E 06 FC 05 F4 05 09 06
17 06 3B 06 35 06 40 06 54 06 74 06 65 06 6F 06 7B 06 57 06 3E 06 37 06 3C 06 8A 06 8F 06 6A 06
45 06 20 06 34 06 36 06 28 06 77 06 4C 06 0B 06 24 06 2B 06 31 06 23 06 F3 05 E7 05 24 06 37 06
6B 06 5E 06 87 06 9E 06 7E 06 82 06 67 06 07 06 5D 06 71 06 43 06 4A 06 7B 06 98 06 2B 06 8E 06
90 06 97 06 8A 06 B3 06 80 06 7E 06 3F 06 76 06 51 06 42 06 3E 06 52 06 16 06 14 06 28 06 3D 06
58 06 09 06 15 06 25 06 09 06 E1 05 D7 05 C5 05 A3 05 F8 05 E9 05 F4 05 18 06 5B 06 7F 06 91 06
97 06 DF 06 B4 06 DF 06 CF 06 B5 06 AC 06 A4 06 81 06 86 06 23 06 1B 06 2B 06 35 06 1F 06 43 06
36 06 41 06 52 06 32 06 27 06 1C 06 08 06 FC 05 21 06 17 06 6E 06 96 06 9B 06 8D 06 B2 06 D3 06
80 06 94 06 E9 06 D3 06 B0 06 87 06 8A 06 39 06 45 06 1C 06 0F 06 BC 05 A4 05 B9 05 B1 05 9A 05
A5 05 B5 05 A4 05 DB 05 1D 06 2F 06 62 06 AC 06 A0 06 E4 06 DC 06 EC 06 F5 06 FB 06 23 07 D6 06
6F 06 5D 06 2F 06 D5 05 B1 05 03 06 B9 05 A1 05 81 05 BF 05 18 06 1F 06 22 06 5A 06 5A 06 8A 06
9C 06 46 06 46 06 4E 06 2D 06 5C 06 65 06 77 06 76 06 9A 06 AB 06 A9 06 9E 06 AF 06 77 06 83 06
62 06 4B 06 70 06 76 06 60 06 4E 06 32 06 F7 05 36 06 3C 06 4C 06 35 06 4D 06 3C 06 48 06 A1 06
71 06 59 06 63 06 7B 06 51 06 59 06 4B 06 7E 06 56 06 24 06 08 06 FF 05 E3 05 F4 05 0D 06 00 06
0D 06 17 06 25 06 35 06 49 06 5B 06 67 06 66 06 7C 06 53 06 69 06 5A 06 62 06 5E 06 48 06 42 06
2D 06 1C 06 60 06 62 06 6D 06 99 06 A0 06 83 06 46 06 4D 06 69 06 5E 06 5B 06 53 06 5B 06 71 06
2C 06 92 06 92 06 91 06 8A 06 9D 06 A0 06 CF 06 74 06 74 06 7C 06 5D 06 41 06 25 06 21 06 36 06
01 06 03 06 26 06 19 06 23 06 3B 06 50 06 95 06 73 06 59 06 67 06 67 06 5B 06 54 06 51 06 53 06
7B 06 21 06 28 06 25 06 29 06 39 06 29 06 2A 06 46 06 03 06 32 06 46 06 4E 06 5F 06 56 06 6A 06
51 06 78 06 B4 06 CE 06 D3 06 C0 06 A7 06 98 06 39 06 52 06 37 06 2E 06 18 06 20 06 F0 05 E2 05
F2 05 0E 06 1F 06 2B 06 46 06 67 06 84 06 8C 06 C0 06 D9 06 9D 06 98 06 7C 06 6D 06 39 06 47 06
7A 06 14 06 DF 05 D9 05 DB 05 DE 05 D6 05 D3 05 17 06 05 06 0E 06 0E 06 01 06 09 06 1D 06 1D 06
1F 06 1D 06 21 06 1D 06 39 06 58 06 33 06 5B 06 6A 06 76 06 9A 06 86 06 7A 06 8E 06 56 06 72 06
75 06 74 06 61 06 64 06 67 06 75 06 51 06 6F 06 7A 06 82 06 8B 06 70 06 6B 06 50 06 56 06 24 06
5B 06 42 06 46 06 4E 06 48 06 64 06 5C 06 7B 06 80 06 78 06 65 06 69 06 51 06 4F 06 17 06 F9 05
DC 05 D7 05 B9 05 CC 05 F4 05 FE 05 06 06 52 06 31 06 40 06 2C 06 2B 06 37 06 3D 06 35 06 72 06
38 06 2B 06 3F 06 36 06 43 06 27 06 50 06 35 06 56 06 5A 06 5E 06 56 06 56 06 4C 06 3E 06 09 06
3A 06 50 06 55 06 6F 06 7B 06 8F 06 92 06 5E 06 8E 06 8B 06 8E 06 73 06 50 06 6A 06 53 06 07 06
34 06 36 06 2C 06 2C 06 24 06 2C 06 25 06 8A 06 5D 06 71 06 7D 06 79 06 93 06 8B 06 5F 06 A3 06
5B 06 50 06 3A 06 2F 06 17 06 0B 06 43 06 FC 05 EC 05 F3 05 F5 05 07 06 30 06 4D 06 78 06 93 06
9B 06 B3 06 C8 06 F1 06 E3 06 CA 06 9B 06 26 06 72 06 6B 06 46 06 34 06 2C 06 24 06 24 06 EF 05
26 06 35 06 2F 06 41 06 4B 06 4F 06 53 06 5A 06 2D 06 67 06 76 06 6E 06 6C 06 67 06 66 06 6A 06
5F 06 7C 06 58 06 5D 06 37 06 41 06 80 06 75 06 4B 06 31 06 31 06 1D 06 30 06 39 06 2A 06 2B 06
4D 06 2C 06 23 06 29 06 27 06 0D 06 2F 06 90 06 63 06 2D 06 53 06 5D 06 6D 06 89 06 81 06 B2 06
B6 06 9B 06 93 06 87 06 7E 06 5E 06 72 06 4E 06 2E 06 0A 06 3E 06 2A 06 05 06 20 06 0C 06 2E 06
F5 05 1F 06 3B 06 5A 06 63 06 66 06 8B 06 7B 06 50 06 9C 06 97 06 87 06 83 06 7F 06 64 06 4E 06
29 06 2C 06 0D 06 07 06 F5 05 05 06 29 06 DD 05 EB 05 0D 06 07 06 0B 06 25 06 35 06 2B 06 46 06
6E 06 48 06 35 06 40 06 35 06 31 06 36 06 31 06 34 06 19 06 1D 06 18 06 23 06 36 06 2A 06 25 06
0B 06 5B 06 3F 06 4E 06 62 06 54 06 56 06 42 06 56 06 26 06 66 06 59 06 53 06 5D 06 61 06 58 06
69 06 21 06 35 06 76 06 74 06 70 06 63 06 72 06 7E 06 3C 06 66 06 53 06 42 06 3A 06 18 06 18 06
3C 06 4A 06 78 06 3C 06 5D 06 0C 06 69 06 33 06 3D 06 6F 06 3B 06 0A 06 23 06 21 06 FC 05 F7 05
55 06 20 06 06 06 FC 05 19 06 23 06 3B 06 19 06 96 06 59 06 49 06 5B 06 49 06 37 06 61 06 9B 06
4A 06 73 06 4E 06 3A 06 4E 06 56 06 FE 05 06 06 20 06 EB 05 FD 05 12 06 1F 06 33 06 43 06 5F 06
6F 06 0C 06 5A 06 A3 06 BB 06 62 06 7E 06 7E 06 67 06 5A 06 72 06 26 06 24 06 44 06 2E 06 FB 05
13 06 F0 05 01 06 48 06 11 06 E7 05 11 06 F3 05 1F 06 1A 06 31 06 5E 06 3C 06 3A 06 3D 06 29 06
37 06 3C 06 34 06 4B 06 5E 06 23 06 19 06 18 06 2D 06 01 06 07 06 3B 06 10 06 10 06 43 06 35 06
3E 06 66 06 66 06 5C 06 86 06 66 06 98 06 7D 06 74 06 6E 06 73 06 57 06 13 06 49 06 2B 06 3F 06
37 06 3A 06 51 06 0B 06 07 06 62 06 67 06 7B 06 72 06 76 06 78 06 5B 06 35 06 61 06 3D 06 39 06
1D 06 1D 06 15 06 67 06 1F 06 3C 06 1F 06 F9 05 17 06 17 06 11 06 24 06 47 06 17 06 17 06 04 06
0D 06 24 06 FF 05 15 06 21 06 20 06 2B 06 38 06 39 06 3D 06 53 06 4A 06 43 06 4A 06 10 06 46 06
3E 06 38 06 3C 06 42 06 48 06 4D 06 1B 06 5C 06 56 06 59 06 69 06 6D 06 6F 06 83 06 83 06 3C 06
66 06 7A 06 62 06 6A 06 5A 06 68 06 4E 06 31 06 62 06 50 06 54 06 52 06 3D 06 3D 06 38 06 8A 06
6F 06 43 06 2D 06 2D 06 36 06 2A 06 1B 06 07 06 3B 06 11 06 FB 05 06 06 11 06 0B 06 15 06 28 06
6F 06 66 06 39 06 5C 06 58 06 61 06 59 06 5B 06 6A 06 83 06 31 06 53 06 5B 06 4E 06 60 06 44 06
45 06 25 06 30 06 48 06 41 06 53 06 5B 06 6A 06 73 06 4B 06 8F 06 9F 06 9B 06 9E 06 A3 06 A9 06
9E 06 56 06 A2 06 96 06 8A 06 76 06 65 06 40 06 44 06 4E 06 2C 06 27 06 0D 06 18 06 21 06 15 06
13 06 4A 06 27 06 28 06 27 06 30 06 47 06 5C 06 5F 06 86 06 63 06 50 06 5B 06 50 06 41 06 3F 06
41 06 38 06 38 06 38 06 2D 06 1D 06 29 06 31 06 28 06 43 06 56 06 14 06 5B 06 5C 06 55 06 4A 06
54 06 60 06 1B 06 33 06 77 06 87 06 7B 06 8F 06 98 06 93 06 74 06 83 06 6F 06 75 06 6B 06 6A 06
67 06 76 06 35 06 73 06 6E 06 5C 06 5C 06 54 06 50 06 43 06 27 06 1D 06 31 06 31 06 23 06 23 06
0F 06 5D 06 24 06 3B 06 2A 06 46 06 46 06 52 06 50 06 47 06 8F 06 53 06 41 06 5B 06 43 06 43 06
5C 06 68 06 90 06 3E 06 47 06 55 06 3E 06 3B 06 4E 06 3A 06 1C 06 00 06 37 06 3A 06 54 06 50 06
4F 06 60 06 3D 06 83 06 6D 06 89 06 8B 06 8B 06 82 06 76 06 5F 06 80 06 7A 06 70 06 6A 06 6B 06
6C 06 5B 06 66 06 6E 06 5C 06 48 06 45 06 3F 06 31 06 29 06 5B 06 41 06 3D 06 3B 06 3B 06 47 06
46 06 43 06 8E 06 47 06 3C 06 4C 06 47 06 47 06 2D 06 2C 06 38 06 25 06 0D 06 03 06 19 06 38 06
39 06 49 06 39 06 5C 06 3B 06 63 06 5D 06 56 06 52 06 52 06 3E 06 17 06 03 06 3E 06 39 06 45 06
3D 06 54 06 5B 06 4F 06 79 06 78 06 5E 06 2B 06 53 06 4F 06 56 06 05 06 70 06 6E 06 64 06 6B 06
6B 06 52 06 44 06 2F 06 54 06 3C 06 1F 06 1D 06 0F 06 0D 06 32 06 F3 05 FF 05 17 06 17 06 22 06
17 06 30 06 65 06 3C 06 33 06 3B 06 2D 06 31 06 26 06 2D 06 1B 06 77 06 45 06 25 06 26 06 49 06
51 06 41 06 53 06 6B 06 1F 06 4B 06 4A 06 52 06 46 06 3C 06 3A 06 19 06 4C 06 4B 06 45 06 5B 06
7E 06 6E 06 81 06 63 06 8B 06 93 06 7B 06 7A 06 79 06 70 06 70 06 66 06 57 06 50 06 4E 06 3F 06
3E 06 34 06 2C 06 61 06 2C 06 17 06 15 06 08 06 15 06 15 06 1D 06 5A 06 1C 06 1D 06 2A 06 31 06
2E 06 34 06 24 06 5A 06 27 06 2C 06 14 06 20 06 0E 06 15 06 15 06 0F 06 4C 06 27 06 41 06 43 06
3B 06 5F 06 67 06 6E 06 62 06 43 06 56 06 73 06 58 06 62 06 5A 06 58 06 52 06 62 06 63 06 61 06
63 06 72 06 79 06 6F 06 2C 06 5F 06 6B 06 70 06 53 06 5E 06 5A 06 0B 06 24 06 5B 06 4E 06 46 06
54 06 3C 06 2C 06 35 06 38 06 40 06 C1 06 6B 06 F1 05 39 05 50 05 87 05 4B 06 9C 06 DA 06 F0 06
17 07 E2 06 32 06 5D 05 7C 05 0C 06 97 06 87 06 55 06 29 06 18 06 FD 05 F1 05 A5 05 FA 05 4A 06
62 06 1B 06 EA 05 9E 05 BA 05 FA 05 E3 05 75 05 D6 05 0A 06 44 06 8F 06 C3 06 CF 06 C0 06 C1 06
EE 06 4D 07 7F 07 B6 07 B8 07 AF 07 A0 07 1B 07 A2 06 A6 06 D1 06 B4 06 73 06 3E 06 EE 05 8C 05
7F 05 A8 05 70 05 7F 05 78 05 4D 05 FF 04 CB 04 3A 05 AE 05 03 06 23 06 F0 05 A9 05 C6 05 CA 05
C5 05 77 05 B5 05 ED 05 0F 06 4B 06 6D 06 65 06 44 06 40 06 4D 06 B9 06 D5 06 BB 06 E6 06 F3 06
FC 06 32 07 D7 06 96 06 86 06 98 06 B2 06 F6 06 7B 06 B9 06 CF 06 A3 06 6E 06 76 06 95 06 A3 06
8F 06 87 06 A8 06 5F 06 1B 06 12 06 16 06 27 06 F2 05 AD 05 BE 05 7A 05 54 05 6C 05 5D 05 6B 05
61 05 82 05 81 05 55 05 49 05 99 05 CB 05 37 06 59 06 D9 06 86 06 60 06 44 06 56 06 8B 06 A7 06
77 06 94 06 E9 06 E2 06 8F 06 B7 06 6F 06 38 06 80 06 8B 06 9E 06 A6 06 83 06 8D 06 B3 06 AE 06
A2 06 3F 06 72 06 6D 06 3B 06 50 06 72 06 91 06 2F 06 3F 06 17 06 DC 05 40 06 89 06 23 06 DE 05
3B 06 36 06 33 06 42 06 30 06 0A 06 16 06 4C 06 12 06 52 06 62 06 56 06 1C 06 6F 06 2C 06 27 06
20 06 4D 06 41 06 59 06 71 06 C0 06 59 06 47 06 63 06 75 06 40 06 5F 06 69 06 80 06 CE 06 A4 06
5C 06 51 06 2D 06 17 06 FF 05 EC 05 2B 06 19 06 19 06 19 06 FB 05 0D 06 1F 06 33 06 40 06 32 06
56 06 5D 06 60 06 56 06 76 06 38 06 67 06 56 06 67 06 83 06 59 06 79 06 7B 06 57 06 5D 06 93 06
8B 06 A2 06 87 06 7E 06 7E 06 2F 06 55 06 9B 06 92 06 64 06 4C 06 1B 06 3D 06 4C 06 2C 06 1C 06
10 06 31 06 31 06 0D 06 09 06 EF 05 EF 05 27 06 14 06 24 06 3C 06 50 06 4E 06 20 06 73 06 3B 06
3F 06 41 06 39 06 2D 06 48 06 5C 06 B2 06 68 06 47 06 3F 06 3B 06 4B 06 4E 06 46 06 13 06 5A 06
68 06 5A 06 4E 06 55 06 72 06 78 06 3C 06 57 06 5B 06 63 06 65 06 82 06 5F 06 5B 06 39 06 30 06
28 06 12 06 22 06 30 06 47 06 2D 06 46 06 36 06 34 06 20 06 30 06 30 06 43 06 59 06 78 06 4B 06
43 06 43 06 49 06 5C 06 4B 06 5A 06 47 06 8B 06 7F 06 67 06 60 06 7B 06 60 06 60 06 31 06 73 06
3D 06 44 06 48 06 59 06 33 06 3F 06 2E 06 30 06 EB 05 1D 06 2F 06 3E 06 2E 06 3B 06 27 06 1A 06
20 06 26 06 42 06 64 06 6D 06 53 06 11 06 06 06 61 06 6B 06 77 06 5A 06 73 06 6D 06 2B 06 66 06
6B 06 8C 06 84 06 7B 06 82 06 4D 06 67 06 6E 06 58 06 59 06 49 06 39 06 5B 06 2B 06 39 06 3F 06
4D 06 57 06 53 06 4B 06 6B 06 45 06 24 06 3C 06 4D 06 49 06 32 06 1C 06 10 06 3F 06 33 06 33 06
2D 06 1D 06 28 06 0B 06 17 06 66 06 56 06 51 06 4B 06 57 06 4A 06 6E 06 62 06 30 06 21 06 60 06
6C 06 7D 06 8B 06 8F 06 87 06 57 06 93 06 98 06 90 06 9A 06 93 06 A0 06 A8 06 A0 06 A6 06 9A 06
74 06 50 06 63 06 66 06 6E 06 71 06 44 06 25 06 59 06 4D 06 41 06 40 06 41 06 8B 06 67 06 53 06
55 06 53 06 55 06 3A 06 44 06 5D 06 24 06 1B 06 2D 06 27 06 20 06 17 06 13 06 1D 06 2F 06 29 06
40 06 49 06 53 06 4F 06 3A 06 43 06 39 06 64 06 67 06 62 06 50 06 62 06 66 06 72 06 35 06 26 06
5B 06 69 06 87 06 80 06 63 06 58 06 21 06 42 06 52 06 59 06 62 06 58 06 63 06 52 06 09 06 2E 06
3F 06 42 06 3E 06 36 06 36 06 28 06 20 06 31 06 2C 06 25 06 25 06 23 06 68 06 7D 06 2B 06 37 06
3F 06 33 06 28 06 06 06 4C 06 FF 05 07 06 10 06 FC 05 FF 05 04 06 4E 06 2A 06 F1 05 FD 05 18 06
19 06 39 06 2E 06 4D 06 53 06 53 06 56 06 52 06 53 06 4E 06 5C 06 0C 06 4E 06 38 06 3E 06 3C 06
3F 06 40 06 2F 06 33 06 0D 06 31 06 46 06 48 06 3F 06 43 06 52 06 3B 06 0B 06 64 06 52 06 46 06
4E 06 56 06 4C 06 6D 06 35 06 5E 06 35 06 34 06 27 06 1B 06 25 06 15 06 4F 06 1B 06 13 06 17 06
15 06 07 06 10 06 1F 06 52 06 21 06 0F 06 19 06 21 06 19 06 0D 06 0D 06 1B 06 1C 06 1B 06 13 06
2F 06 4A 06 4D 06 53 06 34 06 60 06 52 06 5F 06 64 06 60 06 78 06 60 06 75 06 23 06 60 06 62 06
66 06 6F 06 71 06 56 06 57 06 14 06 3F 06 3B 06 52 06 42 06 46 06 3E 06 55 06 13 06 56 06 3E 06
40 06 40 06 29 06 25 06 0D 06 16 06 14 06 1D 06 1B 06 13 06 12 06 1D 06 1B 06 4A 06 10 06 0C 06
18 06 24 06 30 06 24 06 63 06 72 06 29 06 25 06 33 06 37 06 2C 06 35 06 31 06 51 06 47 06 57 06
52 06 47 06 51 06 4E 06 7E 06 6A 06 63 06 66 06 5A 06 6F 06 41 06 76 06 7A 06 6E 06 73 06 69 06
78 06 5F 06 2B 06 4B 06 7D 06 7D 06 63 06 62 06 64 06 76 06 35 06 2B 06 67 06 5E 06 44 06 64 06
5C 06 3F 06 2F 06 68 06 7B 06 55 06 53 06 4B 06 3F 06 4C 06 49 06 76 06 62 06 30 06 26 06 22 06
17 06 20 06 27 06 65 06 2C 06 31 06 33 06 37 06 39 06 3C 06 59 06 49 06 6D 06 4B 06 6B 06 63 06
6F 06 57 06 6E 06 50 06 7A 06 6A 06 57 06 22 06 51 06 51 06 5B 06 14 06 42 06 5A 06 58 06 5D 06
6E 06 6A 06 7E 06 67 06 73 06 5B 06 77 06 76 06 64 06 67 06 5D 06 76 06 66 06 54 06 5C 06 41 06
54 06 49 06 44 06 35 06 80 06 83 06 4D 06 45 06 4D 06 3E 06 3D 06 46 06 4C 06 7C 06 68 06 3D 06
37 06 34 06 44 06 31 06 39 06 77 06 64 06 27 06 4D 06 3D 06 49 06 49 06 63 06 63 06 72 06 67 06
52 06 52 06 64 06 5E 06 60 06 4A 06 1C 06 48 06 4D 06 53 06 5D 06 4F 06 5D 06 58 06 76 06 67 06
53 06 71 06 73 06 6E 06 76 06 7E 06 72 06 71 06 70 06 70 06 46 06 38 06 48 06 3C 06 33 06 39 06
79 06 78 06 40 06 31 06 2B 06 39 06 2F 06 27 06 2B 06 65 06 36 06 34 06 2E 06 19 06 1D 06 25 06
27 06 73 06 33 06 2F 06 3B 06 44 06 48 06 3B 06 49 06 62 06 45 06 66 06 69 06 67 06 7F 06 66 06
66 06 6A 06 58 06 5C 06 66 06 60 06 6F 06 68 06 76 06 29 06 6F 06 61 06 70 06 73 06 7B 06 6F 06
2D 06 3F 06 6A 06 63 06 72 06 66 06 63 06 66 06 34 06 52 06 4C 06 4C 06 35 06 14 06 2D 06 36 06
5B 06 23 06 43 06 2B 06 29 06 2D 06 25 06 20 06 1A 06 64 06 44 06 30 06 29 06 24 06 24 06 20 06
1D 06 54 06 3B 06 72 06 7A 06 71 06 53 06 70 06 55 06 5E 06 5C 06 BF 06 69 06 74 06 7C 06 64 06
4F 06 61 06 AE 06 90 06 68 06 5D 06 78 06 49 06 7F 06 68 06 30 06 81 06 81 06 6F 06 82 06 6A 06
9C 06 68 06 40 06 92 06 7F 06 48 06 3F 06 55 06 53 06 79 06 83 06 17 06 98 06 96 06 8A 06 53 06
95 06 82 06 7E 06 3D 06 AE 06 8B 06 96 06 8A 06 74 06 6C 06 7C 06 63 06 5F 06 6D 06 61 06 65 06
69 06 7D 06 6B 06 9A 06 4D 06 3E 06 43 06 3D 06 3C 06 64 06 27 06 46 06 40 06 16 06 17 06 36 06
25 06 2D 06 49 06 37 06 43 06 51 06 51 06 41 06 63 06 39 06 21 06 FA 05 2F 06 26 06 36 06 38 06
24 06 2E 06 39 06 54 06 0D 06 36 06 33 06 2A 06 41 06 2F 06 1B 06 56 06 17 06 3A 06 4A 06 3A 06
02 06 12 06 12 06 13 06 E9 05 FE 05 10 06 14 06 F8 05 D8 05 EF 05 D9 05 0B 06 41 06 F0 05 DF 05
EB 05 D5 05 F7 05 DD 05 20 06 CA 05 C6 05 EC 05 E3 05 03 06 F7 05 04 06 EC 05 05 06 ED 05 CB 05
DD 05 D0 05 D8 05 F7 05 14 06 EF 05 F3 05 D3 05 FF 05 20 06 1A 06 D4 05 EE 05 F3 05 FC 05 1A 06
18 06 2B 06 1C 06 39 06 F5 05 33 06 22 06 20 06 18 06 32 06 2A 06 2F 06 00 06 64 06 1B 06 22 06
2A 06 07 06 11 06 02 06 F8 05 E0 05 FC 05 04 06 0C 06 01 06 EC 05 F4 05 2E 06 F1 05 03 06 F7 05
03 06 ED 05 F9 05 E6 05 2C 06 F7 05 1C 06 17 06 E7 05 1C 06 3D 06 FC 05 40 06 31 06 35 06 3C 06
4D 06 39 06 59 06 69 06 59 06 4F 06 69 06 79 06 6A 06 63 06 66 06 6E 06 4A 06 13 06 38 06 48 06
7F 06 73 06 67 06 62 06 79 06 3E 06 51 06 61 06 6F 06 6F 06 6D 06 7A 06 92 06 35 06 88 06 B4 06
9B 06 9A 06 7A 06 7E 06 4C 06 69 06 93 06 4C 06 6C 06 5F 06 61 06 75 06 4B 06 6D 06 78 06 37 06
72 06 51 06 35 06 45 06 36 06 3F 06 0F 06 84 06 2C 06 27 06 11 06 35 06 17 06 2F 06 37 06 63 06
25 06 58 06 09 06 2B 06 6D 06 E5 06 9E 06 9E 06 4E 06 C3 05 5A 06 5F 06 3A 06 49 06 88 06 33 06
63 06 77 06 86 06 98 06 88 06 A9 06 6B 06 71 06 7D 06 8F 06 9B 06 B6 06 90 06 96 06 9B 06 B6 06
7F 06 96 06 84 06 6C 06 40 06 44 06 21 06 69 06 24 06 31 06 3B 06 31 06 27 06 2F 06 1B 06 17 06
60 06 1C 06 1A 06 2B 06 17 06 27 06 13 06 0C 06 4D 06 FC 05 D3 05 0F 06 14 06 39 06 10 06 51 06
6E 06 5D 06 8B 06 8B 06 80 06 76 06 3C 06 35 06 5A 06 58 06 80 06 66 06 58 06 6A 06 73 06 4E 06
31 06 5E 06 5D 06 66 06 63 06 57 06 5B 06 82 06 49 06 76 06 5A 06 6A 06 4E 06 52 06 12 06 1F 06
30 06 3D 06 17 06 55 06 21 06 14 06 F8 05 27 06 0F 06 11 06 1D 06 1D 06 F9 05 03 06 04 06 FA 05
38 06 F7 05 F3 05 EC 05 0C 06 F0 05 CD 05 FC 05 29 06 F1 05 D7 05 E5 05 21 06 13 06 07 06 1E 06
53 06 0E 06 23 06 23 06 22 06 3A 06 28 06 18 06 E0 05 26 06 48 06 3C 06 41 06 47 06 6E 06 2F 06
11 06 51 06 32 06 26 06 42 06 38 06 28 06 50 06 36 06 30 06 2E 06 57 06 47 06 1B 06 16 06 4E 06
60 06 3D 06 34 06 2C 06 5F 06 00 06 25 06 3D 06 70 06 65 06 41 06 57 06 5B 06 5C 06 4D 06 6E 06
74 06 B6 06 5F 06 4D 06 58 06 6F 06 6C 06 7B 06 75 06 CD 06 5D 06 79 06 83 06 6E 06 80 06 8B 06
6B 06 82 06 4D 06 5A 06 4B 06 68 06 70 06 7E 06 60 06 4B 06 58 06 7B 06 A2 06 7C 06 88 06 D1 06
41 06 41 06 AE 06 A6 06 79 06 9B 06 9A 06 92 06 47 06 46 06 77 06 82 06 7E 06 6C 06 98 06 8C 06
73 06 4B 06 64 06 81 06 79 06 41 06 55 06 33 06 41 06 4B 06 82 06 59 06 42 06 3C 06 57 06 51 06
17 06 45 06 2D 06 3D 06 49 06 3B 06 4C 06 3D 06 3C 06 6D 06 63 06 80 06 71 06 81 06 63 06 7E 06
86 06 6A 06 A6 06 55 06 49 06 98 06 AA 06 8F 06 82 06 9F 06 A9 06 54 06 78 06 75 06 58 06 56 06
82 06 5B 06 4B 06 59 06 33 06 8B 06 62 06 8C 06 75 06 8A 06 74 06 4E 06 39 06 96 06 4C 06 39 06
2D 06 3C 06 23 06 29 06 AD 06 E1 06 CD 06 A1 06 59 06 C3 05 77 06 3E 06 98 06 6E 06 4B 06 63 06
60 06 74 06 4F 06 7E 06 8A 06 6F 06 51 06 64 06 51 06 6B 06 87 06 85 06 89 06 43 06 63 06 77 06
7A 06 4F 06 88 06 7C 06 3C 06 34 06 4C 06 3D 06 4B 06 74 06 4B 06 7C 06 37 06 5F 06 4F 06 43 06
56 06 45 06 38 06 3B 06 FC 05 6C 06 6C 06 47 06 3D 06 5A 06 56 06 4C 06 21 06 1D 06 35 06 14 06
4C 06 3B 06 43 06 3B 06 70 06 69 06 17 06 41 06 47 06 5E 06 5C 06 3F 06 66 06 60 06 53 06 27 06
20 06 25 06 F7 05 04 06 15 06 5A 06 28 06 13 06 F9 05 10 06 07 06 F0 05 DA 05 1B 06 0E 06 4A 06
4A 06 1E 06 20 06 2E 06 16 06 A5 05 2C 06 07 06 3E 06 3B 06 1D 06 1E 06 32 06 2B 06 31 06 68 06
63 06 66 06 5A 06 52 06 36 06 21 06 62 06 56 06 34 06 34 06 23 06 06 06 ED 05 10 06 23 06 11 06
11 06 4B 06 FF 05 EF 05 07 06 44 06 F9 05 20 06 F4 05 CE 05 D9 05 F1 05 3C 06 FC 05 FF 05 23 06
07 06 1D 06 1D 06 FC 05 65 06 6A 06 15 06 33 06 53 06 61 06 67 06 59 06 64 06 72 06 42 06 5E 06
72 06 6A 06 60 06 60 06 8D 06 4F 06 5F 06 A8 06 B3 06 AD 06 8B 06 97 06 83 06 56 06 6E 06 82 06
62 06 4A 06 4E 06 27 06 56 06 23 06 56 06 14 06 2E 06 1C 06 31 06 F1 05 F5 05 58 06 F5 05 03 06
35 06 33 06 3D 06 55 06 67 06 69 06 80 06 49 06 0E 06 43 06 5B 06 2D 06 26 06 59 06 45 06 65 06
C2 06 65 06 4C 06 61 06 63 06 4B 06 39 06 4F 06 55 06 36 06 72 06 92 06 6B 06 76 06 56 06 4A 06
1D 06 52 06 74 06 78 06 53 06 6A 06 6B 06 16 06 0C 06 43 06 57 06 53 06 4E 06 2D 06 47 06 C0 05
F7 05 04 06 04 06 2B 06 1C 06 EC 05 06 06 03 06 E3 05 11 06 14 06 25 06 40 06 11 06 2B 06 23 06
3C 06 E7 05 F9 05 EA 05 14 06 1C 06 E4 05 F5 05 3B 06 E7 05 B6 05 CC 05 C9 05 BF 05 F3 05 14 06
5B 06 DF 05 18 06 0B 06 28 06 3B 06 2B 06 33 06 34 06 4C 06 62 06 72 06 4C 06 52 06 3A 06 4E 06
44 06 87 06 4C 06 52 06 9A 06 28 07 F1 06 F6 06 62 06 04 06 98 06 7B 06 99 06 9E 06 86 06 9F 06
66 06 7D 06 96 06 6E 06 44 06 38 06 3F 06 29 06 4F 06 0C 06 40 06 2D 06 2B 06 33 06 F5 05 F4 05
0A 06 49 06 09 06 F0 05 F6 05 0B 06 13 06 F7 05 FC 05 53 06 FF 05 DB 05 09 06 25 06 59 06 18 06
FD 05 3E 06 41 06 20 06 1F 06 59 06 3F 06 3E 06 5E 06 20 06 21 06 4A 06 4E 06 32 06 08 06 39 06
19 06 DF 05 2A 06 2A 06 29 06 3B 06 62 06 2F 06 F2 05 2F 06 50 06 3A 06 43 06 6A 06 55 06 52 06
42 06 62 06 47 06 54 06 30 06 F3 05 27 06 4A 06 0F 06 FD 05 0F 06 11 06 F9 05 F1 05 4C 06 49 06
3A 06 0E 06 24 06 09 06 0C 06 3B 06 39 06 6B 06 07 06 2F 06 23 06 2D 06 50 06 4B 06 9A 06 74 06
23 06 43 06 45 06 6B 06 43 06 6B 06 96 06 5C 06 61 06 8A 06 6C 06 78 06 92 06 72 06 85 06 47 06
3F 06 6B 06 68 06 49 06 63 06 73 06 76 06 FF 05 58 06 67 06 50 06 6A 06 50 06 66 06 5E 06 66 06
4A 06 54 06 54 06 44 06 49 06 5C 06 39 06 A7 06 4D 06 3D 06 1B 06 41 06 1F 06 31 06 37 06 86 06
7A 06 42 06 7C 06 71 06 57 06 6E 06 6E 06 3D 06 45 06 77 06 49 06 27 06 11 06 69 06 33 06 31 06
4E 06 48 06 3F 06 5B 06 66 06 8A 06 80 06 74 06 13 06 16 06 5C 06 5F 06 48 06 60 06 1B 06 41 06
64 06 5D 06 49 06 66 06 7B 06 6F 06 50 06 5A 06 3C 06 53 06 34 06 56 06 6B 06 36 06 3F 06 56 06
29 06 58 06 54 06 41 06 25 06 3C 06 35 06 15 06 01 06 1D 06 F9 05 FF 05 03 06 11 06 07 06 51 06
8B 06 21 06 11 06 19 06 2C 06 2C 06 40 06 6F 06 70 06 35 06 51 06 3D 06 63 06 3B 06 63 06 53 06
60 06 51 06 7A 06 8A 06 72 06 8E 06 92 06 9A 06 2E 06 56 06 73 06 78 06 5A 06 77 06 98 06 A9 06
9B 06 9F 06 4E 06 82 06 AF 06 B0 06 93 06 A2 06 A6 06 BB 06 8E 06 97 06 96 06 58 06 60 06 34 06
6D 06 41 06 95 06 8F 06 B5 06 BE 06 85 06 6F 06 77 06 83 06 70 06 8F 06 53 06 B4 06 96 06 7B 06
83 06 56 06 54 06 74 06 EE 06 2D 07 E1 06 AF 06 A0 06 EC 05 98 06 A3 06 F5 06 C4 06 91 06 81 06
9A 06 7E 06 92 06 7E 06 71 06 BF 06 B0 06 9E 06 7C 06 A9 06 61 06 94 06 A6 06 5D 06 B5 06 7E 06
72 06 6F 06 83 06 51 06 59 06 20 06 62 06 67 06 5E 06 76 06 7E 06 22 06 75 06 18 06 2C 06 29 06
3D 06 21 06 1C 06 11 06 33 06 66 06 73 06 3C 06 47 06 53 06 37 06 34 06 36 06 66 06 50 06 37 06
37 06 2F 06 44 06 53 06 3B 06 2B 06 4C 06 2F 06 58 06 43 06 3F 06 53 06 6D 06 3B 06 5D 06 3B 06
42 06 4C 06 43 06 36 06 1C 06 4A 06 20 06 03 06 32 06 5B 06 43 06 4D 06 58 06 5F 06 21 06 23 06
8F 06 80 06 78 06 70 06 76 06 70 06 20 06 4C 06 46 06 42 06 2C 06 3C 06 60 06 4C 06 6B 06 9B 06
65 06 47 06 43 06 51 06 4F 06 6F 06 84 06 47 06 31 06 5C 06 3F 06 26 06 3F 06 51 06 7A 06 E7 05
FC 05 03 06 FD 05 2B 06 24 06 53 06 4F 06 33 06 3B 06 47 06 5B 06 73 06 7B 06 46 06 44 06 3F 06
4E 06 1E 06 56 06 2A 06 62 06 54 06 50 06 45 06 5A 06 46 06 55 06 66 06 38 06 2F 06 06 06 42 06
2F 06 32 06 67 06 46 06 22 06 0C 06 EF 05 23 06 16 06 EC 05 D8 05 EE 05 E3 05 FF 05 18 06 F5 05
